1 0.42280865076748 0.446622856132188 0.635851437147175 0.7745754771185 0.598856639577689 0.640690602085704 0.673490473839109 0.760055599629662 0.556214221946308 0.825202019159334 0.328593888650557 0.752224068092585 0.126601504563366 0.822402941813329 0.683584409495867 0.696452925031041 0.21698125107923 0.834814306588319 0.797383852824745 0.346731571031524 0.898619115562839 0.504093691590178 0.588104955364746 0.751987545515119 0.861290420130287 0.869098071981575 0.674564139723688 0.852882108751183 0.667700227727197 0.629527751366438 0.876329228085203 0.843234709842508 0.655990539821071 0.862510148513732 0.819226821508795 0.785657872322283 0.756437330840068 0.891453868803672 0.755868689822468 0.876017748720527 0.457979808632091 0.759458277883167 0.862233053868253 0.823229847669894 0.333664647219684 0.434726480306992 0.872008384437865 0.727591913744804 0.491106136655272 0.850611142894968 0.771431107844793 0.665576437270259 0.852788821763919 0.83759263556767 0.524583940265253 0.852270099101789 0.881219539389035 0.831198067772116 0.851693463676977 0.885210735404697 0.373796577792955 0.838646924601537 0.156146711513377 0.670985778123804 0.371275202522446 0.611299197316665 0.532322391368859 0.797776445920105 0.809600269574592 0.8572019402631 0.862209475456154 0.830493734873846 0.775295987755895 0.233411875360027 0.381059898464746 0.833519769111222 0.813372734965159 0.5322459728374 0.868337877727307 0.803468843329559 0.890254069755585 0.788401952572353 0.364906191737937 0.861726260073931 0.874683236385001 0.882950264038443 0.780006336391246 0.001 0.542525100852853 0.42311805220713 0.421705903241827 0.822284880228658 0.810098560067997 0.858738711685403 0.851571197236934 0.675454781246886 0.89152091030362 0.899276703924731 0.798087385866795 0.887950366723492 0.307741537924729 0.842393468825056 0.51736811395844 0.888411844664047 0.863200324128459 0.367555145130324 0.565326786544969 0.560160015632379 0.782885876542615 0.838176914579893 0.638897274922461 0.571278889756264 0.473105842732277 0.389592025382387 0.875143802174401 0.818806878917343 0.877876283613536 0.864440486391567 0.834374965180471 0.437059812638548 0.818946835857252 0.819310835868734 0.843107893761052
0.42280865076748 1 0.675944442059223 0.413860188022244 0.520344186908002 0.52401760529985 0.562151083196657 0.553437689341745 0.497693621098964 0.622926170520277 0.506885968674124 0.576654651041814 0.453943067687887 0.363583911407358 0.334292542230276 0.443258584569728 0.509728559310015 0.423911383849314 0.332839906746705 0.348869159962275 0.459456883384101 0.308835393568194 0.576394516758301 0.543040895506601 0.432246002054776 0.350190591750373 0.392812063284528 0.465677140060718 0.28965047110335 0.447812190560168 0.397580633662281 0.288316912301902 0.317343137663782 0.529270573099422 0.372834405259476 0.2476769272392 0.492831538856247 0.426326545300018 0.307480766758711 0.499718814316268 0.358563082804398 0.490663151491272 0.435377840474143 0.324191415590721 0.302572023242978 0.576000597486043 0.58176670957211 0.329696491269896 0.484079359815664 0.613333650082454 0.32219622104143 0.340783592011579 0.530183189519647 0.317243355138807 0.305398360876936 0.558557729439288 0.333607624369194 0.311379450371794 0.309926780742136 0.315784916800283 0.306289088045167 0.546855850126539 0.308955764708885 0.412718700324528 0.520223251079511 0.682711052083376 0.385440662478156 0.568357211773392 0.381863123273377 0.337971567406654 0.302967373064028 0.342987669555425 0.280685188203353 0.436185212719365 0.428032071170633 0.542569610559308 0.315355593061042 0.327172726219034 0.505356599356082 0.332210197830188 0.34217497231727 0.298281546603286 0.343419392714641 0.630802961984321 0.343546197188433 0.294108202651669 0.294849064467915 0.321279001229546 0.001 0.641207662608387 0.496246265489276 0.514447748421549 0.437550115065252 0.343018153909122 0.296654630639961 0.265855160947341 0.492888819578408 0.298098074040369 0.307691048832035 0.362943178184859 0.428696846714134 0.590078351969576 0.334651542906158 0.569383934347988 0.331908270097382 0.441736935632903 0.640493527828546 0.316714598275214 0.563860040273704 0.277011692917956 0.309437718610989 0.432538652365772 0.577226570548953 0.579944005508738 0.592297228434704 0.407066663089164 0.378417085191059 0.481653034317547 0.430444223996221 0.294875270317182 0.6662729873658 0.333904249646162 0.245665093984757 0.306255586596418
0.446622856132188 0.675944442059223 1 0.494586671145224 0.621501153691641 0.552942260368742 0.596319591292283 0.564361393145762 0.606964129410539 0.681405436891603 0.572076181114325 0.695420484062261 0.503256947454135 0.42480493402749 0.362008942886812 0.565404089319841 0.550723960113448 0.5297629009477 0.416525510729429 0.345699597368678 0.547181204844696 0.367037872164057 0.671802799509608 0.6476708133048 0.550407787393128 0.397993995435305 0.422782636665026 0.535776268072774 0.323575856846825 0.514314118322756 0.467610413634695 0.331903731925574 0.311336878172537 0.602565049003567 0.361388279268193 0.273810870409538 0.448998552898842 0.517481310452628 0.338853035719618 0.561448223997542 0.338642292543695 0.633707632115642 0.446448849012747 0.318107730577786 0.335965055382995 0.71026742828331 0.759520585166204 0.335574820115836 0.604301837784588 0.72846292058369 0.356997660112566 0.416793270203297 0.554672516613819 0.347799912154803 0.305571702895444 0.72150422604361 0.327266682229651 0.370319520144779 0.302278432633804 0.389554738751446 0.317996837477969 0.71095242135834 0.308869177223293 0.543155995708428 0.626972199613488 0.629510536456057 0.560991645074515 0.675995276242418 0.371493554889481 0.305020690921634 0.337076260669172 0.339476768967736 0.320338111437205 0.400494158698588 0.519956580244944 0.696457686369829 0.324912528495806 0.430585498963253 0.677174777167691 0.388249298153605 0.41542210993465 0.336670924445897 0.324193631943193 0.777706078391172 0.331540879151529 0.343687145962933 0.360711956885778 0.308440820964627 0.001 0.626453769915922 0.62062649379484 0.688367881744277 0.490867814649611 0.333895118783034 0.356502556705315 0.304926867591176 0.526859009318335 0.33939322887523 0.366588988254584 0.44029876639185 0.491626819195952 0.693284352697273 0.344138570761791 0.646878717914168 0.397871573831573 0.40151947758116 0.588141141861626 0.376160164476451 0.540418784934701 0.285293459560152 0.305254332125172 0.459155437525966 0.513249835208649 0.548788372995527 0.694617477388631 0.383422226591867 0.36981605416954 0.527929856935362 0.501323650875091 0.328441166059566 0.618737027848498 0.320833434364663 0.301450886516689 0.360633052917448
0.635851437147175 0.413860188022244 0.494586671145224 1 0.676277244284725 0.59473177344815 0.572710116844416 0.61317852592946 0.688838647532032 0.625640571675452 0.670426371147075 0.429192438086482 0.70488828932495 0.207374380909835 0.64320532259864 0.642638321784839 0.66463974871469 0.33078017902699 0.608842617630135 0.584733334188877 0.456719754854347 0.609204851696417 0.554388186794631 0.610050902845604 0.684758426467554 0.619765775851727 0.671789021247457 0.593460506559175 0.604025102146769 0.665617390639979 0.632309822972621 0.586924086634684 0.559937945663287 0.625366890009634 0.631661734406065 0.562527839435881 0.636094916788841 0.604963212028277 0.608093851495155 0.636129707204818 0.597874860654605 0.50038544555585 0.621535145919996 0.571528900686956 0.586767619014405 0.427096693156229 0.509951633737931 0.590122728621232 0.697601349571438 0.580110551252843 0.623782748475004 0.603142048796823 0.587020395138708 0.583024884361999 0.55253037125804 0.572021429497131 0.582733988583839 0.607341854080846 0.563952564193227 0.615614721100429 0.5751073996163 0.450616065294307 0.577455497142826 0.195462638583259 0.650857805025273 0.435729206161461 0.561962799713102 0.58878080390363 0.612231862178161 0.531515093107335 0.61745665978674 0.607549495159948 0.567945488210481 0.57503270140822 0.30803411690356 0.448762256449685 0.585921812105051 0.584917250313762 0.503342968107072 0.616065213493696 0.615362252710143 0.612763656910638 0.566301574365068 0.454126204994798 0.582495004837967 0.619168639880536 0.597960702015891 0.540703343268434 0.001 0.525107806539126 0.535047856237476 0.518891263183364 0.638460640044321 0.56598032780639 0.59311168891579 0.591200895204656 0.613933552992773 0.612696633725521 0.611395325700201 0.64309100312573 0.690503026387443 0.428477093087874 0.57879930788837 0.553063240235251 0.64343842138643 0.622747332706748 0.418454936460945 0.499660739851146 0.546650265924643 0.533087180402331 0.548885928702628 0.633932955005423 0.56834555511661 0.454293886947772 0.472349597469111 0.629097519803724 0.587964251262796 0.623352181577962 0.703679759743094 0.622185605192635 0.529162032978535 0.561359948690317 0.549133648005366 0.601717038536576
0.7745754771185 0.520344186908002 0.621501153691641 0.676277244284725 1 0.666446099714756 0.75816655455208 0.727204029168235 0.820605745569016 0.672464488524873 0.829795671711683 0.483298965497464 0.752440088460007 0.24468622300401 0.68425302481911 0.794054602321047 0.731302150248133 0.340306322077539 0.705182309088062 0.649044893690121 0.474080400442148 0.719937367333904 0.652528549514374 0.683949027730353 0.784482465134627 0.76132451687315 0.774925053026856 0.693948222811937 0.658853523242575 0.728682080578488 0.603682456118215 0.689851884466609 0.639845799932277 0.68261771094956 0.70885580506357 0.628568738206052 0.764767459178292 0.759608862567677 0.697167489731213 0.790744658092631 0.684795878473334 0.569820073769527 0.779841045227282 0.662018596727905 0.656291083556415 0.540729219636496 0.614676902842249 0.69324169706535 0.787566955139922 0.625875862547184 0.707713044002852 0.685587530970412 0.693492929126954 0.678565060440842 0.643856451402674 0.642146447386543 0.668193403180603 0.708686211322599 0.637937072066947 0.715418561918772 0.658871540580967 0.510003930927163 0.651819630776398 0.24389959893713 0.749293365333525 0.496762209221921 0.663845053816476 0.658443761873132 0.725198292745526 0.620494976817656 0.683448895881279 0.698374383715232 0.678439818148101 0.651458779665825 0.376996873704204 0.575728950163401 0.676392838933569 0.738506792086812 0.655914304348975 0.691069736316567 0.721371058498211 0.700938188048103 0.671398754560466 0.541602347950053 0.666778783856365 0.705944438822982 0.69169838325759 0.600303603002152 0.001 0.644763849689677 0.580400137433728 0.555511190031096 0.771388917692635 0.649044893690121 0.713538009920553 0.66894299588534 0.70692967284867 0.717470821199463 0.721292155995677 0.738915860172787 0.807588085985925 0.501008437030307 0.704449897511674 0.692791603201642 0.765567816307732 0.711599155025599 0.495788475326127 0.527046340807606 0.631653097714144 0.606868697734547 0.659619694794338 0.674204524641714 0.662104594624669 0.534568889562405 0.55715425171533 0.705408932552633 0.668444697318863 0.817246581463326 0.764746546036269 0.690370860954005 0.587642768283654 0.659218470393473 0.650279612693526 0.722654434551634
0.598856639577689 0.52401760529985 0.552942260368742 0.59473177344815 0.666446099714756 1 0.550317485674404 0.564975192343732 0.659980554343759 0.626676513601809 0.668348737496472 0.488177126163242 0.633720629335909 0.27581550813464 0.539684061389779 0.641707591960471 0.633867949797232 0.338790493844755 0.547761339521676 0.542232169749177 0.432914362600948 0.547158760375047 0.564785962970142 0.636595211983058 0.602276756136441 0.570880660862573 0.590958439114455 0.616579261259984 0.517021603703756 0.607283727296689 0.593659343228762 0.519100602977898 0.512474965141338 0.662566458545276 0.555530179205001 0.454623220487039 0.631476071551355 0.59185602363598 0.526596137071185 0.638159535975615 0.520856697473431 0.520774804285378 0.585789639804244 0.50514589522225 0.513920463075459 0.480554481706773 0.558668479748972 0.528984798647922 0.711025331828383 0.629106121552828 0.551224938400702 0.573544694082232 0.621768892823436 0.520810408437092 0.499913583843844 0.592754971464838 0.514198099292653 0.55400930707815 0.48322958461513 0.534006377763707 0.503336085913787 0.553112395866572 0.483080944833128 0.271002521222422 0.618656662777063 0.510391096853637 0.531769514365587 0.64389166632608 0.532548072007184 0.485584172364996 0.531889498051602 0.530436973233282 0.510248055399831 0.528150064610573 0.377618527294639 0.53635897810154 0.508214933777577 0.548330843112464 0.566824473349256 0.554168405010729 0.514926288068196 0.538843495344833 0.489982673647134 0.535838540166039 0.529104154015752 0.536546019300339 0.533502811631096 0.501971832086585 0.001 0.600927734412689 0.49194285683364 0.539768928107532 0.619549724050912 0.51150190283725 0.533805624173973 0.504159174640749 0.592629360742709 0.535640759708333 0.547918643190678 0.573164477685309 0.611019257288867 0.489801818799642 0.525438182713241 0.579833001576925 0.575988784068122 0.57719105559173 0.462681482960295 0.493225899793186 0.548672079236476 0.468080584362407 0.477936662549209 0.603434881242703 0.544766238149798 0.517711317083949 0.534437340253095 0.554994933365345 0.523337379216028 0.629949663758287 0.610071756363756 0.536806518603069 0.568870341426398 0.509321003599096 0.464402258139013 0.548878423801811
0.640690602085704 0.562151083196657 0.596319591292283 0.572710116844416 0.75816655455208 0.550317485674404 1 0.794467281561127 0.702944103018038 0.675265479289064 0.680730296346257 0.483966852479352 0.639915792977995 0.24556098722306 0.570408612040409 0.670944494453885 0.63927739016264 0.344369214013344 0.579254539496907 0.555017699275058 0.47923559384249 0.580177976222004 0.569746062309291 0.619172872861051 0.709224205516265 0.608393247384076 0.614613872201983 0.599319451894979 0.538217609610607 0.601955677987938 0.560347695100032 0.553225848613689 0.562781715508975 0.599967169753352 0.639907043428578 0.468964631329002 0.670490541694082 0.634509626203763 0.562520148009629 0.684309162131886 0.617503095415182 0.596633584280686 0.626770775155263 0.594471612598868 0.539632409920777 0.509275739750981 0.580086756075769 0.606578345817974 0.636042734732433 0.583926386812667 0.553396071369141 0.574930498529883 0.633062438795477 0.563359132780628 0.577206839747386 0.571642222908471 0.600533470700188 0.572949003055801 0.551624540651825 0.58090428260304 0.543579477274307 0.5025899266581 0.574356927361735 0.246902631047878 0.63128183165255 0.603269887735145 0.580721628279667 0.633919953430487 0.671485970963551 0.591823654581325 0.545839896537352 0.624593531944716 0.549531734206884 0.626775060108196 0.361509361026934 0.543226553051493 0.575697463110621 0.586715472410989 0.612654747957595 0.581281685348387 0.60243735942764 0.557119971745512 0.61270082245981 0.535578510599982 0.600385688506292 0.563389945003861 0.55148502394729 0.543888009263606 0.001 0.678342423457539 0.58367095269683 0.534433686567755 0.634887130989629 0.601795203107808 0.570642637028865 0.502854566148932 0.597801292153193 0.569590280129374 0.578613359712224 0.599385011743618 0.6816244192156 0.509059921348715 0.639775814542295 0.64895171884264 0.608721920811009 0.664576138128731 0.574840103433378 0.453468496313744 0.677401661982994 0.530045472069798 0.546299082740897 0.579955900047482 0.708584474554782 0.565469804989386 0.570303332109955 0.646021339671217 0.627576861460378 0.696191101519931 0.642550459446291 0.53835376987599 0.590994801188126 0.588108975976671 0.503153742075469 0.553630686295468
0.673490473839109 0.553437689341745 0.564361393145762 0.61317852592946 0.727204029168235 0.564975192343732 0.794467281561127 1 0.767853169919844 0.714646204026327 0.71793204051173 0.455930475726462 0.686934032252033 0.221341167730616 0.625349788881141 0.680855961469047 0.650372978196651 0.343830503165445 0.645059249888365 0.636238439519479 0.494502146931951 0.633352477962983 0.568108588273671 0.636838976430293 0.749949340991962 0.640808875745057 0.638770620075053 0.667650017323532 0.593821708265249 0.651160448848953 0.613287527992221 0.607250514489224 0.632076434522882 0.613644016130003 0.679702575547601 0.541850484444169 0.689677407345951 0.665444493551903 0.612893535196355 0.67613855678238 0.667668275215256 0.610969132314576 0.658551806056586 0.651160448848953 0.590598979038382 0.458625247678217 0.559639438644647 0.65480764677593 0.669455396031653 0.577293660319401 0.590292197445838 0.604835014257559 0.659574601226111 0.600738784095033 0.641374262435707 0.583786682433181 0.665444493551903 0.629303994246674 0.615400116367021 0.64834862450968 0.592191957062435 0.499162260478479 0.627538248606212 0.234932750135755 0.673923420802225 0.573630963812574 0.657265431907718 0.628934108915097 0.724489667904522 0.650381870848435 0.619003576210736 0.675436310427292 0.597523448391063 0.703035417241989 0.307747849643811 0.518462203265225 0.63592099324759 0.610259470107884 0.6191093811918 0.625170255263471 0.660752553744586 0.606968278954246 0.663999377275503 0.513425307636435 0.672018695847294 0.608584605259406 0.608576284100378 0.590255878601192 0.001 0.697143659100226 0.541606050644341 0.513141072422108 0.661602343820569 0.636943475479695 0.621785896026953 0.556096354575403 0.628585927361546 0.613191102101752 0.631748107820543 0.646078757312616 0.700545355303748 0.456392022692807 0.669794161441391 0.637226579855018 0.641479505681198 0.707364771932409 0.563343727300946 0.492329774950114 0.705587389492251 0.623723048184405 0.599196546505817 0.640975371958796 0.710957281823734 0.581611616852834 0.516011685851744 0.6876811413973 0.680660492411492 0.686647620952667 0.701451118150394 0.591120065457279 0.569882406666732 0.645990424593293 0.544952485563487 0.603579287578408
0.760055599629662 0.497693621098964 0.606964129410539 0.688838647532032 0.820605745569016 0.659980554343759 0.702944103018038 0.767853169919844 1 0.712816412505446 0.815722716871367 0.499012131359999 0.769240276773071 0.231216964873016 0.71652967670517 0.730632514593519 0.741876976230763 0.364385173265639 0.755150745681664 0.682538381019788 0.527269784638918 0.733289675630125 0.631894969731574 0.729354914872049 0.789183880638532 0.735991720790467 0.755641353124415 0.746307749756259 0.686084537367677 0.746716033924291 0.683350782103243 0.705563271051623 0.653256103052077 0.736454776425648 0.709806280299259 0.638478099708716 0.743649170625798 0.772069515362058 0.71950929155724 0.773062469544989 0.685789103355952 0.62921795499455 0.760331045172014 0.681927383077914 0.689290885576604 0.494806501720413 0.633560348914563 0.694959473310135 0.785330298957877 0.624371528626469 0.726607687406802 0.703333472488773 0.713303898323505 0.69264479371416 0.653765426192439 0.688768012144898 0.683327423755983 0.738299819265702 0.652599929932286 0.747988248475204 0.672579431467384 0.533360585545561 0.665553686486977 0.263744348423301 0.779473264824021 0.503601118295911 0.705732117450379 0.666113581563339 0.702862410871128 0.643425224860226 0.694565242834135 0.700574091696371 0.694308875623982 0.677874196670065 0.358202918612152 0.566483565919764 0.693075838999489 0.731522164432679 0.67116470338236 0.712056599792959 0.762496502349511 0.712426663735208 0.651993445184647 0.552326429769079 0.690672990552287 0.71549682190597 0.712431534279341 0.622504706365495 0.001 0.648938409242097 0.587578492784287 0.583555245902714 0.782372231599181 0.65511660595549 0.718511437673026 0.671426295358605 0.726309699936845 0.717176580829477 0.734187580223334 0.772534143552011 0.783464130197617 0.484364053954488 0.70048309716333 0.679312355713557 0.752388649413032 0.710850359260524 0.504293613869741 0.545895874183997 0.646436628361975 0.633144675213797 0.649098142466351 0.697687199981172 0.640143323259127 0.563694306212209 0.569804491610549 0.694508264163618 0.700511831002122 0.760845824061284 0.787184767823716 0.705119638857095 0.546713801878681 0.687714051662319 0.652988197637977 0.714597348681931
0.556214221946308 0.622926170520277 0.681405436891603 0.625640571675452 0.672464488524873 0.626676513601809 0.675265479289064 0.714646204026327 0.712816412505446 1 0.659358195006514 0.583790673522996 0.613451067418976 0.335866305960847 0.505847431436169 0.629544966747586 0.677813953337349 0.458261684754654 0.541620861674631 0.530313691689193 0.559429048598867 0.500809817127027 0.697572735115789 0.698942775467205 0.689092994910429 0.54530280310001 0.549644452499476 0.648490478615734 0.465416156664418 0.628517173559821 0.637078478797468 0.471227160115188 0.46299790477279 0.628886813685628 0.533681559704653 0.410007655430127 0.594300943892955 0.635021698455024 0.479989737743754 0.655900851950086 0.509784318766995 0.661796864223432 0.560179163718218 0.485550976383767 0.479117661219403 0.564689441789988 0.729105644577565 0.498224693966408 0.683500294434498 0.706779867362465 0.481613521903373 0.537996882378356 0.694365837936315 0.483672471774898 0.473458524059799 0.669189996976104 0.508169768226952 0.510809985245533 0.454315628029963 0.523154942580094 0.46855122783518 0.643654002964949 0.468519196276803 0.355249584606331 0.720735152726212 0.673720730140091 0.593768934758128 0.690474703093292 0.525873015690925 0.476217825602369 0.469484305885927 0.503625219067721 0.454160357409201 0.548810884311938 0.38963730680373 0.654834507006303 0.483986704814942 0.508792016138228 0.663717990840761 0.516873170362006 0.5650563100538 0.483794833011207 0.474550587977226 0.671756873068032 0.507406036588565 0.483930458645691 0.501519045900947 0.449840409580331 0.001 0.712421793224372 0.631324990910492 0.647431755043222 0.57040471243717 0.488484267076448 0.474732302447561 0.439697154482961 0.628667582269664 0.47505047021821 0.500443604251916 0.552507707374415 0.59185602363598 0.580654140130371 0.490908086302119 0.642647108679453 0.51101606475572 0.551541580520008 0.584741329339509 0.45662921483621 0.641461963941096 0.451445522883386 0.431853157234637 0.641690043983178 0.650030703540344 0.651013560009962 0.654731548772904 0.540980654523414 0.537122222353765 0.55220561107624 0.608900893625078 0.481346897877278 0.650346300970823 0.488427498226211 0.409808688568415 0.491310984589546
0.825202019159334 0.506885968674124 0.572076181114325 0.670426371147075 0.829795671711683 0.668348737496472 0.680730296346257 0.71793204051173 0.815722716871367 0.659358195006514 1 0.447163626434218 0.804441682231809 0.204675739513285 0.766887877908488 0.734765026306213 0.712904135359074 0.279733106733097 0.791707503084932 0.757534464165119 0.467671157414818 0.819064418173949 0.626376684779734 0.696248218253363 0.783951693985883 0.80672725326179 0.802711175041395 0.731562174122625 0.738017218397982 0.747313551760606 0.672151943092398 0.785212191259036 0.723262365463943 0.720523308730199 0.760929053358958 0.732202626849234 0.781645144752129 0.7614754715938 0.78999898866631 0.797547409796683 0.765641093415641 0.555628933373483 0.764819744535452 0.753253292304985 0.761970188093747 0.451297403749054 0.577155542819631 0.772629215576741 0.795679407669541 0.620910835402494 0.776452322385055 0.766316619770559 0.738244299841847 0.780603809364804 0.72345028490443 0.673186656014093 0.751494172710918 0.821183789076 0.722595151583837 0.815126226644494 0.75421689080586 0.4953954522458 0.728363324195522 0.235898404418571 0.755780847082499 0.447160569396352 0.698861548331719 0.648441712766402 0.749518792222675 0.705669398357413 0.784943830725424 0.777785834664626 0.77115691309736 0.710855219028165 0.319998840967761 0.510129466064411 0.744274763297927 0.771025123392558 0.645288608991679 0.805867338125459 0.808179059978521 0.802491694636064 0.738627973830716 0.498844995255068 0.756308056692564 0.806898243090434 0.783651618835937 0.690101888053915 0.001 0.621866667593733 0.517966213001087 0.540211927485234 0.842664187650496 0.727149344136936 0.809367838912828 0.760372630527663 0.724588734608997 0.793034684953548 0.819731036925268 0.827178915283571 0.85379802883557 0.437122564581721 0.753577789502304 0.644852014687169 0.823866061561972 0.766248516474523 0.465562543967806 0.591148354611715 0.615366459668084 0.679163759473322 0.731757252700177 0.706804027390299 0.621441671765324 0.525865825444977 0.512685221342367 0.768021170777533 0.739037109040764 0.831942810278872 0.820140239584698 0.78226526466062 0.525456143894234 0.746047585127008 0.710578265291239 0.78945908792532
0.328593888650557 0.576654651041814 0.695420484062261 0.429192438086482 0.483298965497464 0.488177126163242 0.483966852479352 0.455930475726462 0.499012131359999 0.583790673522996 0.447163626434218 1 0.465919157785596 0.491435278244849 0.277185977249957 0.416434397820417 0.444852377534033 0.540585067068661 0.322877576213149 0.27949033679891 0.586851865626011 0.273784664829835 0.606972428526323 0.613761492883376 0.426413992115701 0.30826795885462 0.322341632353777 0.449133635300069 0.238605460271404 0.449502248442809 0.450108044460055 0.241435996046129 0.233956653264198 0.557508601603223 0.282108781933606 0.195550853394405 0.382176526133691 0.402365828527143 0.265884242973724 0.467837443902965 0.251927490904501 0.555617537765861 0.347476689101478 0.243844580041278 0.259839191274283 0.642937143612659 0.722249431186736 0.257318354133716 0.461455812256155 0.719809409965596 0.292094395264751 0.326978188853377 0.453676254059428 0.252225626854311 0.23449789316119 0.652189599135682 0.248747676593385 0.281432638883878 0.221851706015252 0.29895115837708 0.228662506910852 0.697300956319493 0.231471601244522 0.592746866743918 0.555302351953163 0.698570163956018 0.455637573434058 0.719671635156471 0.300019922173346 0.232992576042346 0.275832479249972 0.259404337830975 0.23730890243003 0.296000280693687 0.584365675407725 0.658803978102429 0.256091631162656 0.323363561405476 0.611750713949855 0.285795157540837 0.323611252968428 0.256266768878518 0.251239507903716 0.85324952547111 0.255692764594324 0.266138846445133 0.264824807278309 0.245769244883016 0.001 0.580181942640699 0.628268004062872 0.691925403765343 0.374118706006395 0.256075874640365 0.273706063138088 0.229374896933562 0.39911385731453 0.257651051229157 0.273719161852787 0.370988492761419 0.344750820443244 0.787324702214498 0.270893232942298 0.589284171283659 0.299327452191704 0.305795313090317 0.647772661219241 0.32720627884019 0.54262525282755 0.210077005050088 0.213508519188099 0.393777331831315 0.495493678797615 0.509644931559749 0.823454999932346 0.282299782480459 0.292762126131334 0.386781608931822 0.390074409716275 0.258328332649693 0.593984117708356 0.258211798333003 0.230287791562171 0.277829124091591
0.752224068092585 0.453943067687887 0.503256947454135 0.70488828932495 0.752440088460007 0.633720629335909 0.639915792977995 0.686934032252033 0.769240276773071 0.613451067418976 0.804441682231809 0.465919157785596 1 0.220579824350117 0.736761963056759 0.684084640510622 0.668220812495127 0.280476104577733 0.744493590555947 0.689776429484848 0.511131365820196 0.754872016085111 0.594947305332884 0.67177524326789 0.738299819265702 0.70885580506357 0.77487737429633 0.668124884812938 0.71777499640519 0.736520231687978 0.699320366635797 0.727223915653791 0.712455887499479 0.712071203935313 0.743273051169268 0.670394288176694 0.760913447172167 0.713640457904458 0.764882491682573 0.765107377902846 0.722130936560611 0.534941788474711 0.716431711845465 0.716485590860692 0.741577796509372 0.429532938858754 0.54932138857104 0.741000062176829 0.747073465792871 0.612889345144584 0.734724841449853 0.725649596657507 0.666327649564913 0.717304070171274 0.693189565968187 0.63913755137442 0.712022524625597 0.76230886350596 0.677693482733089 0.747543493604947 0.701446322673967 0.441027817500231 0.69605784736293 0.228535918026951 0.73292380639104 0.485079838287741 0.677559136934455 0.726756726985066 0.746215916587891 0.671389574545462 0.780833317873794 0.74130914471664 0.701930831392347 0.672515060999288 0.346111071265623 0.475242123026581 0.713230754203061 0.707834011906911 0.60719654755116 0.741440923998693 0.740291179611715 0.75635976370022 0.707036005681798 0.508792016138228 0.729534442251718 0.754598548188203 0.727288550487722 0.678008604938453 0.001 0.597135500524279 0.560876599757304 0.540440952930345 0.7684676015697 0.686915247523676 0.731602186000851 0.707925961342444 0.677800051790131 0.749749412600221 0.75607541889833 0.789302585739068 0.767910916069199 0.466454590754074 0.7360722312856 0.644640438943594 0.776112669276483 0.755109445914856 0.493296715921185 0.571157830031195 0.680553473613471 0.659425814321788 0.691353265673681 0.707480843575293 0.675560998262316 0.516692987164416 0.551111895990089 0.716681548711654 0.708599007484523 0.746772190462168 0.742069732155778 0.728348385911803 0.49655848317214 0.693933990360777 0.653796713357581 0.717794625039694
0.126601504563366 0.363583911407358 0.42480493402749 0.207374380909835 0.24468622300401 0.27581550813464 0.24556098722306 0.221341167730616 0.231216964873016 0.335866305960847 0.204675739513285 0.491435278244849 0.220579824350117 1 0.10619065858284 0.231281783563553 0.215388024811291 0.381651721643826 0.125151479306893 0.108603954913462 0.348962189511758 0.0999098175350709 0.361761538903626 0.353244322558112 0.189933940579352 0.115966846698952 0.147661287060303 0.198622841499908 0.0862203745332312 0.235405425809867 0.203720871649128 0.0889086445822135 0.0898981822910638 0.284991304922603 0.121770447200074 0.069811674362913 0.171739888300691 0.180923705630523 0.0947391753770036 0.246627647191091 0.0946970850500907 0.294834954590665 0.169320818812425 0.0894329152963274 0.0972286474347621 0.492208620047328 0.468403900796889 0.0983302782959165 0.258945426909076 0.38710434135975 0.113163808178646 0.144943816263524 0.210547167170277 0.09597387168461 0.0873846631533424 0.380377965818439 0.0934762582535046 0.10577910390661 0.0803727206231805 0.108376995232557 0.0806584024152036 0.433906975805928 0.0862864180269186 0.416987075836424 0.280020114506856 0.456030230098742 0.222707251417002 0.447001632223426 0.135140200578861 0.0860601935660753 0.100599320720366 0.0982100212786206 0.0919412146664906 0.126863160172679 0.497268490497604 0.464072185813599 0.0919952866371317 0.145122290393506 0.374727928010209 0.11043154182959 0.125578295286822 0.0940917671265858 0.103007304697682 0.560665744614954 0.0942140661956265 0.0963354216191365 0.0990955588979366 0.0906294315760783 0.001 0.323412200138486 0.404119137862091 0.381599541729187 0.16487497675892 0.106973957386207 0.0989635402793858 0.0793810505156667 0.204317839115245 0.0981308261474701 0.100214231656542 0.139699047881425 0.154024131349418 0.585333273947343 0.10623931010333 0.370775506856575 0.12424272292651 0.129180695247943 0.447258404974984 0.138769066485588 0.260395799433839 0.0801702214795617 0.0842105726097623 0.20554934517699 0.257318354133716 0.267607554854762 0.523541354273987 0.111505768716572 0.113049366186307 0.170148179012957 0.148487333729442 0.0992833958681226 0.403191911393709 0.0920040920602469 0.074832596789191 0.104968667002471
0.822402941813329 0.334292542230276 0.362008942886812 0.64320532259864 0.68425302481911 0.539684061389779 0.570408612040409 0.625349788881141 0.71652967670517 0.505847431436169 0.766887877908488 0.277185977249957 0.736761963056759 0.10619065858284 1 0.636129707204818 0.637985047918172 0.18204407256141 0.813673065417783 0.773998492454261 0.334759089410232 0.868290387670433 0.446671712425362 0.550731490248572 0.75286202131942 0.824654973145839 0.813901168155203 0.634665807849002 0.837730076329687 0.645518049646569 0.62114010105675 0.847331875304384 0.798398447004893 0.577297607019312 0.816258257157489 0.822043187958994 0.748003589568683 0.680474383577566 0.866090887042557 0.698355286141849 0.82481284609229 0.400524277732291 0.696538634109745 0.827886096768838 0.82352255761819 0.27675047186761 0.376659391856543 0.831942810278872 0.670650994934789 0.426568525327984 0.820431850983148 0.760518197184618 0.612407680205561 0.831453820148433 0.804447181841685 0.475063461186268 0.815917925223017 0.851943873545107 0.792010662986591 0.841403494443137 0.840081509275664 0.313112806536393 0.802371005993949 0.118024796480141 0.586928099173535 0.309152260455354 0.580650170483493 0.477596970691894 0.772317634275715 0.764563580436339 0.831539088426625 0.830039643320707 0.830800387099294 0.722748309197701 0.186392629231477 0.332462392884436 0.815460653407615 0.755915198935742 0.448768392446435 0.846637023017034 0.809013787164203 0.871061018864572 0.747369753234619 0.304593507194338 0.806291668798892 0.862062124987892 0.854527967845129 0.752949524810712 0.001 0.452001402733993 0.40249238461629 0.378424846451867 0.771262361080124 0.742881885581736 0.838388959650676 0.835996540456075 0.601836346434127 0.840868702274779 0.869674599924892 0.781992565157468 0.841541560529834 0.256231731756015 0.784664833063512 0.481142915024126 0.858075568095044 0.783373080473253 0.32360019126451 0.548117209911207 0.485351848147863 0.73290376403768 0.806352305703126 0.646065506634746 0.537835073275201 0.388047625373564 0.334022973591761 0.799463520664638 0.794174040051229 0.772925070038269 0.816364291177799 0.820089778904244 0.375957060487409 0.795809970880663 0.795837174246145 0.823252360125571
0.683584409495867 0.443258584569728 0.565404089319841 0.642638321784839 0.794054602321047 0.641707591960471 0.670944494453885 0.680855961469047 0.730632514593519 0.629544966747586 0.734765026306213 0.416434397820417 0.684084640510622 0.231281783563553 0.636129707204818 1 0.698183431480385 0.330423072438575 0.66287907858025 0.600024596225708 0.422828885064905 0.663255324206382 0.54167270347033 0.648322030319499 0.758508724901932 0.662340014419284 0.699239095618823 0.632063471024039 0.614177037482784 0.672220874447913 0.573442755673432 0.621683883780078 0.583184340888207 0.620944795344128 0.657795868918432 0.548537059345737 0.67701739154723 0.686619455800881 0.613648211341124 0.702545343091773 0.628435538187639 0.54096586100007 0.669876589755546 0.605062480576403 0.608102166057806 0.494606959106111 0.560259592826619 0.632932613565947 0.741689340940333 0.572670964673957 0.635125899306878 0.660978455141562 0.620359246590074 0.611520733266174 0.597780858064962 0.615627347238611 0.615265500615131 0.64968416741283 0.57953181227937 0.646454306141741 0.595879463952787 0.494035833149818 0.597699128696593 0.215112841929093 0.68330406620716 0.469516403426584 0.690578560851996 0.61884278726901 0.66458522498255 0.571071932241347 0.614920682142925 0.640782590822923 0.611123697527068 0.599553041592162 0.3349010121364 0.520721402621518 0.605915205834042 0.686924639823644 0.638347163862954 0.648716622749574 0.616971405430889 0.636321088508358 0.61915594111262 0.479589565911791 0.604012713963497 0.632378991654124 0.631394051860734 0.549227510266364 0.001 0.583870501049448 0.519704257812355 0.527569059358353 0.701436731819467 0.596458217168132 0.641150677865866 0.600135362802377 0.635117215249534 0.649746352598555 0.664221847723538 0.654328824311255 0.763952270263746 0.438811277046413 0.629119024397008 0.614164441089564 0.703444073500674 0.650537511938631 0.441489369248781 0.502181212269792 0.571810293769363 0.559471120279572 0.594365954764543 0.598398275612652 0.578158632001861 0.51022014954683 0.491314343464158 0.654167803895401 0.609167369214924 0.72257539167532 0.705751416754284 0.620003095986912 0.549407770783477 0.581866149733775 0.587192987398723 0.636534285451758
0.696452925031041 0.509728559310015 0.550723960113448 0.66463974871469 0.731302150248133 0.633867949797232 0.63927739016264 0.650372978196651 0.741876976230763 0.677813953337349 0.712904135359074 0.444852377534033 0.668220812495127 0.215388024811291 0.637985047918172 0.698183431480385 1 0.396993963249871 0.713655094531433 0.610000857310286 0.468650539583772 0.650973505168562 0.567603906564697 0.670875693981843 0.716108522828068 0.68473502000409 0.749595657798775 0.651498864366495 0.643385636905507 0.692739505951097 0.647870095949931 0.613778277112525 0.550524449044101 0.694028878882441 0.64190065138538 0.554979756610994 0.691178408824161 0.670156005599471 0.65060422666433 0.708797654066558 0.640257118735888 0.541669000320369 0.712105281432314 0.596976310651382 0.648517079715669 0.510164342419322 0.58072559841507 0.609500627703279 0.692564298494125 0.583180353943591 0.651565677681994 0.622036747295713 0.676147801730964 0.638216254868849 0.583248135709144 0.605410048788243 0.616967187500724 0.65700037382518 0.568691470947367 0.642137667337456 0.59684164467569 0.496371807690047 0.600911301591307 0.241472311643655 0.68681663612708 0.468733849538979 0.598377821118288 0.625024956277396 0.638862333146108 0.555317537529368 0.602330285809044 0.622585571307563 0.599864636151111 0.619994618703204 0.323620102603812 0.500190492187934 0.60723390876666 0.629687011606462 0.58647084638735 0.660531245280892 0.622589827648119 0.63317930427 0.559467295450587 0.499732479877217 0.621462914656895 0.626895050684526 0.627220855197679 0.540156532685932 0.001 0.565145166623433 0.5132919431212 0.572784513342863 0.699875173999056 0.576493038662333 0.620783502162069 0.597915735956308 0.715736546375578 0.634297107387485 0.652225269830182 0.665135210845419 0.745277825438115 0.443746739743271 0.597208987089949 0.634132345882777 0.664676100354551 0.669002450777454 0.428184263472426 0.52388865250183 0.548177168721495 0.569605856430418 0.552545481030272 0.631674689665368 0.587554391284581 0.504117815935003 0.515532137505631 0.668892692026726 0.651512226481475 0.668462976942305 0.723821321830537 0.640782590822923 0.574333368188814 0.590352733819701 0.585317267568224 0.644415715776974
0.21698125107923 0.423911383849314 0.5297629009477 0.33078017902699 0.340306322077539 0.338790493844755 0.344369214013344 0.343830503165445 0.364385173265639 0.458261684754654 0.279733106733097 0.540585067068661 0.280476104577733 0.381651721643826 0.18204407256141 0.330423072438575 0.396993963249871 1 0.228111341996313 0.18028166439464 0.412724343492079 0.174756521795581 0.377974956346645 0.411569106044072 0.302932163927138 0.204877333922576 0.234395313857774 0.312958720856697 0.166632523667483 0.304075439841333 0.313470491823155 0.153540516389869 0.145504764780842 0.372882837395449 0.189717216588501 0.124417820393827 0.256219469894885 0.282332593561186 0.166068443071345 0.31793597143068 0.170074911716617 0.406057714073723 0.252859257312528 0.152367275732624 0.168898833519292 0.564176226349845 0.533094469386999 0.159200421031377 0.341810237598343 0.514099679427614 0.195476001905335 0.199134065428057 0.29887350447938 0.157343675622448 0.150991239177514 0.491848696723668 0.16121678870959 0.177012266891137 0.143386599180055 0.193106383502224 0.141061832952596 0.549456601520834 0.154375176742873 0.41843491147698 0.378647403628879 0.502153747598558 0.325317052122532 0.4640372880394 0.200694853502503 0.146460860815972 0.163982426056504 0.164146184143485 0.157751888869715 0.219791045525547 0.412772313531707 0.513193696698591 0.165014805472078 0.225490969874224 0.440792702341563 0.180677731748661 0.214595804023879 0.158651737469534 0.157247968774275 0.578526340667466 0.164072136271112 0.159725884859252 0.170653767662171 0.158792801738246 0.001 0.404749541362057 0.453604923509261 0.529991119766465 0.24783106103583 0.15755680547553 0.177179346390475 0.136936996656964 0.302348703027542 0.163713589612156 0.17477683336045 0.221525855861625 0.263331762350603 0.523548512737076 0.166757881535985 0.427523205552155 0.195933577862153 0.214154663670635 0.440157313643974 0.211115060143738 0.344797961664382 0.144036021937684 0.133116480323786 0.287011076194197 0.3288186097117 0.350545096250225 0.53870721121824 0.197805718435119 0.191856278408188 0.254971837487349 0.2798536141508 0.173278950877294 0.514205130003951 0.157015933501727 0.146494908439771 0.179291000240559
