1 0.696719407605058 0.712931411058174 0.826894555478906 0.89831730252636 0.806346595971408 0.829530545392902 0.847100214976949 0.891209379082384 0.781725859105448 0.922513248870503 0.626754064841562 0.887342867301646 0.41996234500727 0.921198356921483 0.852406874472466 0.859106696345278 0.526544232971765 0.927009110104232 0.909328292620569 0.64105097252503 0.956117783534562 0.750095202183476 0.800237345038561 0.887225731033164 0.93923935120563 0.942804222441065 0.847666854265075 0.935379194299656 0.844035274531082 0.823432313103842 0.946089336321483 0.930922886312385 0.837789536101222 0.93979749537301 0.919703196949764 0.903690610231387 0.889425887722745 0.952909967236706 0.889145147488104 0.945948156105307 0.720486341100985 0.890915291504583 0.939670737889516 0.921587073317794 0.630796216865317 0.704897131084616 0.944128277100903 0.875027148945209 0.741920990560974 0.934332836909506 0.896784639295854 0.842907228312326 0.935336243774878 0.92830298991836 0.76274675229781 0.93509736747465 0.948302098248986 0.925321264119068 0.934831722813963 0.950102754969903 0.661599868386051 0.92879332504096 0.458617836936504 0.845776292810398 0.659722780774253 0.813337708137354 0.767450089993898 0.909516210813928 0.915150839186136 0.93736512241836 0.93965995080805 0.924992027820226 0.898667993177066 0.542928451098834 0.666966478516373 0.926405385106279 0.916938545586058 0.767403838357128 0.94245794637171 0.912234920449448 0.952371367559097 0.905014276714779 0.654948059467683 0.939438842925389 0.945342949039315 0.949083506936385 0.900955993189983 0.001 0.773590940779539 0.696933390533643 0.695956004382086 0.921142839393563 0.915387247114847 0.938070211722303 0.934775383648916 0.848136503425582 0.952940050307605 0.956411435299046 0.909665006924708 0.95133603439112 0.609739385233743 0.930532902718739 0.758324652078089 0.951543557115627 0.940113114866368 0.656939754286288 0.787076879397481 0.784049079005785 0.902350751788053 0.928574774143529 0.828555035875361 0.790545060477173 0.730381658840341 0.673195298930451 0.945551878103397 0.919505257217766 0.946790119075287 0.940679877280043 0.92680427824862 0.70648292342815 0.919571232394552 0.919742790009072 0.930864111204464
0.696719407605058 1 0.848394556144057 0.690490875522306 0.760152798006374 0.762400964431317 0.785217783847754 0.780085344063684 0.746082543571698 0.819796325266346 0.751836616641441 0.793659443426049 0.717813584024953 0.653950724002654 0.631294256517897 0.710672055609243 0.753603701513108 0.697481646491133 0.630141214557421 0.642707060434765 0.721460906470589 0.610648263760538 0.793509126546837 0.773899603059641 0.703205909755545 0.643727890924198 0.675525475674425 0.725545175345027 0.594427252384314 0.713727773105406 0.678955977108955 0.593276842373113 0.617654400002151 0.765599999841373 0.660884429414037 0.55661839453538 0.743014104720405 0.699147061769307 0.609522435352403 0.747355502268143 0.65014445248134 0.741639981652805 0.705340307971405 0.623215183384989 0.605418497903868 0.793281427944258 0.79660546540702 0.627636066493873 0.737446063240558 0.814472930252387 0.621602185090722 0.636411387798972 0.766153898454533 0.617572864741888 0.607786124309578 0.783106827291915 0.630750960021195 0.612754907904895 0.611553231702218 0.616379429406037 0.608529651142325 0.776177287984889 0.610748165318775 0.689690749639656 0.760078627817618 0.851949530694683 0.670174619451337 0.788845285872098 0.667556295725023 0.634201571237839 0.605750452622783 0.638136066496471 0.586633081017406 0.705889099815577 0.700319840656105 0.773617583026948 0.616027506155816 0.625614701800163 0.750883510920928 0.629640470506883 0.637500885799026 0.601799705448336 0.638473133736155 0.824132114578279 0.638572089432104 0.598250616002089 0.598882781933168 0.620858721854744 0.001 0.829811514574422 0.745170948895007 0.756524785286835 0.70681552054676 0.638159875186572 0.600419593698799 0.57341650297516 0.743050356333078 0.601644284644395 0.609697388908457 0.653466691290456 0.700776228972887 0.801363481589017 0.631578768193513 0.78944318931332 0.629400182469321 0.709646888766974 0.829423421188375 0.617140553292074 0.786218983253487 0.583397750342973 0.611147935016598 0.703405734912021 0.793989785061296 0.795556790904425 0.80262709675358 0.685709910071235 0.665020722945199 0.735892137041395 0.701973901091584 0.598905126093466 0.84327742908325 0.630986331072894 0.554715890906184 0.608501708819021
0.712931411058174 0.848394556144057 1 0.744123778339862 0.819008531069246 0.779792118023622 0.804910785333261 0.786512368758517 0.810911411991789 0.851265196607124 0.791008032441223 0.858571833575874 0.749572274070375 0.698098449120754 0.652760047350211 0.787122057748148 0.778477315477491 0.765898879492661 0.692354161890016 0.640249334841181 0.77637111091722 0.656551483111996 0.846208465382637 0.833312536883526 0.778289667599394 0.679252221877995 0.696701412036756 0.769536509875188 0.622718155972948 0.756442285308667 0.726808123584569 0.629396569815306 0.612719737684686 0.808438988364946 0.65228999997587 0.580558357879278 0.714520923452098 0.758394298025823 0.634895413111527 0.784805498468223 0.634729623379556 0.825723061621154 0.712814795138676 0.618278678453019 0.63261823360287 0.866219571098715 0.890945974368569 0.632309662363566 0.80941636622112 0.875466730436243 0.648951393793283 0.692540965601149 0.780815530319319 0.641879403451067 0.60793091857334 0.871946242685949 0.62569011600708 0.659009371641868 0.605171822244931 0.673168251180503 0.61818818994643 0.866570166112711 0.61067630465338 0.773968458204179 0.822027414828415 0.823422860397607 0.784537516484569 0.848421339695978 0.659885629470295 0.607470487736567 0.633495760894095 0.635385748092613 0.62009479194851 0.681040224996011 0.75991504269539 0.859109161921793 0.623796743613366 0.702070609196754 0.84904246818032 0.672220335034218 0.691583632848212 0.633175858522134 0.623216971969255 0.899839672717188 0.62910762466872 0.638682058193264 0.651777266945121 0.610320631273978 0.001 0.821742006248533 0.818524472368217 0.85490580215567 0.741769828599663 0.630979087577185 0.648573428030506 0.607392040001117 0.764133665804474 0.635320105112025 0.656214288188555 0.708676078839975 0.742251099065342 0.857463732185902 0.639034085506833 0.832884560153134 0.679164504367958 0.681771613651489 0.800258014905956 0.663352827563563 0.772328706855023 0.590657140244828 0.607665779426547 0.721262162039687 0.755784778326631 0.777327566474769 0.858155512130361 0.668699111933311 0.658633108728264 0.764785266655999 0.748362116690012 0.62663176258994 0.817477441782241 0.620497117977123 0.604475766615161 0.651717412004774
0.826894555478906 0.690490875522306 0.744123778339862 1 0.848569882012107 0.804010375794779 0.791375879787455 0.81438644818202 0.855151189038093 0.821294043970691 0.845480212131519 0.701116200188481 0.86345956065093 0.516628965663874 0.830895803934457 0.830588246206828 0.842409044761671 0.628501271563146 0.811964014304126 0.798308214726321 0.719653522471668 0.81216677371056 0.780647482173653 0.812640075916388 0.853021128275575 0.818047742940544 0.84620117974599 0.80328846804792 0.809260742502701 0.842929000328769 0.824957982382784 0.799562422866153 0.783918580405059 0.821143206402997 0.82460292351047 0.785438659596517 0.827027461242875 0.809788126030437 0.811544672775613 0.827046449524324 0.805791389911955 0.747773866101772 0.819027335238667 0.790690277405409 0.799472935147779 0.699676978651157 0.753742132603391 0.801388780384561 0.859701104971077 0.79565269063995 0.82026936546734 0.808763876082732 0.799617497209932 0.797328231993073 0.779548220062567 0.790976251192152 0.797161205536853 0.811123219950161 0.786273138493067 0.815743169950255 0.792764794587324 0.715600365409659 0.794121960211281 0.503957266544286 0.835031437032461 0.705579212843714 0.785107369266908 0.800623270609385 0.813858405656179 0.766961285116421 0.816766882449338 0.811239621498157 0.788605346012747 0.792721567410444 0.609982670850202 0.714363042968477 0.79898895729241 0.798413611630514 0.749626056430951 0.815993708561028 0.815602714672589 0.81415509536335 0.787646316168691 0.71793513857241 0.797023949715912 0.817716779019674 0.805839955176834 0.7724993982576 0.001 0.76306641721093 0.769097141238276 0.759261054200762 0.828317280797925 0.787458718096328 0.803090229938579 0.802003096177958 0.814807258113299 0.814117711178616 0.813391396954339 0.830833806392951 0.856017968023589 0.700625406990955 0.794897222723778 0.779863735583392 0.831022197865859 0.819697515507134 0.693698681402772 0.747319040617911 0.776054781211359 0.767912759707257 0.777385571334099 0.825846298565578 0.788838494117633 0.71804640992829 0.729891326370004 0.823196027999186 0.800156967295966 0.820031634541323 0.862837790214795 0.819387048076247 0.765534086209682 0.784753696495723 0.777532833878559 0.807961176581889
0.89831730252636 0.760152798006374 0.819008531069246 0.848569882012107 1 0.843369399575699 0.890278860467596 0.874831292314383 0.920352738407904 0.846558249719763 0.924665562384436 0.736946758193823 0.887449831313854 0.553786945234136 0.852756773599108 0.907732554783785 0.876897525118783 0.636037074884318 0.863610735871333 0.834054245923231 0.731012870056473 0.871150835653446 0.83593060032865 0.852597710739976 0.903122806595699 0.891833677739641 0.898487473541338 0.857808321498198 0.839322536112736 0.875577288519658 0.809067996403068 0.855679009369814 0.829071199140637 0.8519006314493 0.865496451053533 0.822905490305953 0.893524546637914 0.890989443568104 0.8594766119084 0.906142217790682 0.853040713363162 0.789696982209761 0.900875840756798 0.841012800314301 0.837950646008095 0.772514917528335 0.815221266580284 0.857441584751812 0.904611780969479 0.821423692142293 0.864910446506918 0.853454553439755 0.857572016765467 0.849773789775926 0.831248801146063 0.830321311671807 0.844296925542054 0.865409518531087 0.828032064759178 0.868851248322064 0.839332171343615 0.753774581068351 0.835549236920104 0.553038877564601 0.885889944526482 0.745496084843572 0.841986061898836 0.839103364489464 0.87381755674633 0.818451653353107 0.852335933420181 0.860100897080697 0.849707945045049 0.835355024345688 0.663971842684146 0.793124354005189 0.848630767523681 0.880513810730258 0.837748662395281 0.856312823820032 0.871878679922329 0.861424991709425 0.845994779439022 0.773038321142926 0.8435461078765 0.864002427550344 0.856639740992454 0.807163906750337 0.001 0.831740384755959 0.795819401022212 0.781310922568627 0.896764049885017 0.834054245923231 0.86789176593343 0.844694402558658 0.864508418822474 0.869896669648119 0.871838645199435 0.880718522318753 0.914195323107435 0.748164550308124 0.863234086145725 0.857207841165753 0.893916978289813 0.866900999262152 0.744882295737702 0.764247710697346 0.824598190424676 0.810857886869009 0.839732130984616 0.847477121667248 0.841058660816364 0.768808045550395 0.782280198990779 0.863727233192345 0.844430204911957 0.91876929534314 0.893514289298094 0.855949182947825 0.799973277056343 0.839517671098166 0.834719952903793 0.872529501891301
0.806346595971408 0.762400964431317 0.779792118023622 0.804010375794779 0.843369399575699 1 0.778236062228248 0.786871350640805 0.839924950670953 0.821864649031157 0.844379313942466 0.740060226601296 0.825730170944968 0.582338875101746 0.771887744006836 0.830083049758951 0.825810747559542 0.634846218233885 0.776716547573576 0.773415568885579 0.703662159420343 0.776357742264698 0.786760703541175 0.82730045970319 0.808276593450699 0.790313676120517 0.801865006676614 0.816279463292748 0.758111401147177 0.811090630509823 0.803401439550888 0.759389627462537 0.755305570996344 0.84130490205326 0.781322134173234 0.718264881633405 0.824501168152629 0.802376056626524 0.763973593034997 0.828153269573774 0.760467010819696 0.760416815336537 0.798913290572357 0.75075206862228 0.756199179810098 0.735187081621212 0.783172006313708 0.765426439481614 0.866607471804477 0.823200753036751 0.77877451714923 0.791859791259178 0.819156625591233 0.760438639052531 0.747477769019175 0.802887432282195 0.756370647889755 0.780423474238708 0.736902344890308 0.768468331562948 0.7496217537001 0.779892832095838 0.736807182538604 0.578051218150004 0.817432867096013 0.754014743128711 0.767115379164345 0.831267886348103 0.767586658710108 0.738407542308248 0.767188034238843 0.766307830286343 0.753926025709265 0.76491916589867 0.664431239162206 0.769887743594805 0.752663476122876 0.77705544762307 0.787951541030797 0.78051754974109 0.756820122099876 0.771382829709503 0.74120803170393 0.769574055514384 0.765498934593163 0.770000437420555 0.768164040063395 0.748768150450767 0.001 0.807516091712536 0.742451365442769 0.771938696691565 0.817928017125702 0.754703198680551 0.768347041520947 0.750136104940907 0.802816004396973 0.769454799227571 0.776810176227549 0.791639381746679 0.813181330475927 0.741093171130105 0.763267918700309 0.795492864169027 0.793274597995753 0.793969277096035 0.723582181014156 0.743263636919037 0.777258412491327 0.72711481348744 0.733503176704903 0.808928690461845 0.774930849724639 0.758535786049863 0.768728618443694 0.781006028616779 0.76198535117307 0.823663938307007 0.812651737086039 0.770157352371586 0.789144180966728 0.753350697896093 0.724710668870357 0.777381109268177
0.829530545392902 0.785217783847754 0.804910785333261 0.791375879787455 0.890278860467596 0.778236062228248 1 0.907930565923994 0.862459002399417 0.84803671163423 0.850911025379273 0.737374108610054 0.829109269987691 0.5546171960732 0.790039278576232 0.845754447251226 0.828761938304918 0.639213840900845 0.795159615120745 0.781019477311429 0.734339377730087 0.795691510486007 0.789653922311838 0.817719125810002 0.86568524888635 0.811712383392313 0.815186172960298 0.806608137935489 0.771006573472964 0.808095677543622 0.784159344752624 0.779959982037061 0.785587447662303 0.806973976018237 0.829104511036206 0.727690989064674 0.845514183337564 0.826161584439235 0.785434151307186 0.852786142294815 0.81679266752545 0.805088677660294 0.821916541872295 0.8038627125183 0.771856730975816 0.753322591626801 0.79563898997 0.810695006059325 0.826998979638114 0.797845549514917 0.780060717789759 0.792662418251131 0.825370042209422 0.785925707187366 0.793978391681866 0.790756087607831 0.807293641230947 0.791514434536861 0.779011465895591 0.796109514662877 0.774221720137072 0.749155054081885 0.792330354937443 0.555887241315548 0.824394693433573 0.808835833160064 0.796004421917686 0.825839188241936 0.846040911608846 0.802357634756266 0.775571624915111 0.82071676884996 0.777769404832263 0.821918900715651 0.652381735615805 0.774010662772363 0.793106144546136 0.799443108134053 0.814094346934872 0.796326597946437 0.808367066592419 0.782259993472463 0.81412004763987 0.769417259406598 0.807210238099891 0.785943751785913 0.778928749181618 0.774406164729457 0.001 0.849656736003904 0.797699018460701 0.768726412252314 0.826367889188619 0.808005234775999 0.790175331564095 0.749320623904415 0.805749764871611 0.789563277569686 0.794790009018608 0.806645177281547 0.851380028568743 0.753188560767793 0.829033130041711 0.834003980277904 0.811896439084689 0.842375198314387 0.792610097673775 0.717498462176531 0.849161874355722 0.766070348409477 0.775845450759626 0.795563640502191 0.865357363208896 0.787160461385148 0.789978062374572 0.832420967650288 0.822360123442516 0.858971100533449 0.830540573032537 0.771088448908011 0.801885718585973 0.800239641664129 0.749507740331073 0.780199530583167
0.847100214976949 0.780085344063684 0.786512368758517 0.81438644818202 0.874831292314383 0.786871350640805 0.907930565923994 1 0.895036225897008 0.868457358451603 0.870131376009599 0.719131177913262 0.854157806974245 0.5309600733973 0.821133779974882 0.850976963338066 0.834770261700983 0.638793879180969 0.831900331389518 0.827105790713827 0.744070390743451 0.825528763803457 0.788700407792096 0.827433430707656 0.886215436490397 0.829594826556606 0.828486079878077 0.844008629441502 0.803493672964475 0.835194413490121 0.814447218407347 0.811072008560377 0.824830143580201 0.814645921945446 0.850371503001373 0.773186979160915 0.855588151970444 0.842837077862411 0.814227532106496 0.848496825164303 0.844018318467661 0.813153325711467 0.839161162437242 0.835194413490121 0.801660217706495 0.72091242204805 0.78374311653267 0.837155016412617 0.844965957804095 0.794028523774292 0.801485383132436 0.80971608423355 0.839708031636428 0.807409493209063 0.829902016431822 0.797765412009954 0.842837077862411 0.823309436386489 0.815623781422426 0.833678523712459 0.802567208490202 0.747005972619106 0.822338882699674 0.544410727295443 0.847328770639021 0.791909789582381 0.83847266243773 0.823106257438248 0.873459016058744 0.834775053173136 0.817625259450047 0.848126767124143 0.805592534123514 0.862506032364768 0.609744634977796 0.758997438151795 0.826932526374752 0.812756695143249 0.817683924662249 0.821034809012731 0.840337251227656 0.810913739251187 0.842068224799955 0.755893238442166 0.846322615213272 0.811819549986276 0.811814890274953 0.801464681563343 0.001 0.859464278823851 0.773040539709186 0.755717540870634 0.840790774302597 0.827490424823329 0.819166029322068 0.781656313833354 0.822914937072899 0.814393459899675 0.824650255862639 0.832452025059346 0.861222293003553 0.719436693116708 0.84514542612795 0.827644803601525 0.829959180585175 0.864731744460058 0.785916685043451 0.74269644567181 0.863818954904471 0.820236408551683 0.806538693745659 0.829685304781328 0.866572653108866 0.796516308633883 0.757489399411773 0.854547663751452 0.850874395387649 0.854008286490808 0.861689560545129 0.801957063702107 0.789733244997637 0.832404244909963 0.775042057428079 0.809009949345685
0.891209379082384 0.746082543571698 0.810911411991789 0.855151189038093 0.920352738407904 0.839924950670953 0.862459002399417 0.895036225897008 1 0.867523207960261 0.918049730799064 0.746911649079979 0.895714616513097 0.540779332275981 0.86941746612104 0.876560361354138 0.88219840870298 0.654555329843896 0.888790520650876 0.85185906929747 0.764383709546101 0.877897197148534 0.824730727096661 0.875916587963666 0.905390967118413 0.879253735318463 0.889032876207575 0.884406403774596 0.853714224220014 0.884609481588434 0.852284565999012 0.863806559509345 0.836321738472202 0.87948591817072 0.865983434582287 0.828326789690988 0.883082465093996 0.897096111787725 0.870933350732775 0.897580267150993 0.853559882063704 0.823262180993175 0.89134494777414 0.851538864253904 0.855386826709588 0.744262604018421 0.825642493562337 0.858332855159022 0.903532419021501 0.820594297359798 0.874530060019042 0.8626595164064 0.867772216464934 0.857131580732686 0.836595403965622 0.855114376516034 0.852272336116934 0.880410209423006 0.83596898615856 0.885241859773176 0.846618990895244 0.768078066479198 0.842895132990627 0.571500866706403 0.900697462552122 0.749787426667329 0.8638933310106 0.843192728292227 0.862416925130448 0.831015042979059 0.858128421283349 0.861237122998738 0.857995442256318 0.849410488013731 0.64987022792246 0.787752566220858 0.857355461279299 0.877008263889725 0.845870963420711 0.867134897363385 0.892409750540367 0.867324052603921 0.835642762781348 0.779427418139152 0.856106414100465 0.868891145864063 0.867326541763678 0.819563435597063 0.001 0.833996799718727 0.799936544069051 0.797632630437011 0.902102176730098 0.83732081038348 0.870426097044153 0.846009347220892 0.874379482770059 0.869746890179804 0.878348303568357 0.897322705182648 0.902630480602216 0.737628097472663 0.861190162223353 0.850166525406059 0.887424362522444 0.866517940842193 0.750220070220468 0.775605013135838 0.832645562712384 0.825415049710508 0.834082970509315 0.859745517138152 0.829233012314598 0.786121964443948 0.789687916772967 0.858098868607441 0.861204991665255 0.891598235098937 0.904427471733353 0.863578515982278 0.776092644876615 0.854564831346119 0.836177739961 0.868432434722362
0.781725859105448 0.819796325266346 0.851265196607124 0.821294043970691 0.846558249719763 0.821864649031157 0.84803671163423 0.868457358451603 0.867523207960261 1 0.839592364392176 0.797767701541246 0.814538382248057 0.632540169006079 0.751189580499902 0.823441765918593 0.849378797912451 0.720672461985402 0.773049414037895 0.766233059534245 0.783619415617983 0.748040024395726 0.859686301425216 0.86039468997103 0.855283727239909 0.775251171116681 0.777836371943218 0.833755090300042 0.725374450012573 0.822877150655786 0.827564048033083 0.729162722708092 0.723789873575288 0.823080273050362 0.768272071797428 0.687785282036316 0.80376582323176 0.826441412524497 0.734824262734804 0.837741449595356 0.753638306901993 0.840894540033214 0.784060329902211 0.738386350859439 0.73426351165084 0.786704256933588 0.875790906174892 0.746416645865001 0.852362841400155 0.864431508902565 0.735866794002649 0.770873820976408 0.858024991370252 0.737185790023961 0.730610174014641 0.844825320083693 0.752635395492693 0.754274463865799 0.718060835255561 0.761873830399553 0.727421632803693 0.831139069737456 0.727400756637876 0.647615536724947 0.871555952301976 0.847221779461734 0.803463695943666 0.856003227899174 0.763533017978537 0.732394627465398 0.728029391695528 0.749802489661675 0.717957803561147 0.777340951827379 0.673228144087864 0.837169431976361 0.737386805975843 0.753022136286257 0.841918404352822 0.758020026249908 0.786918775589803 0.737264073931446 0.731317136563829 0.846184180171086 0.752160343678611 0.737350830673964 0.748484548122343 0.715083014978139 0.001 0.867321563451309 0.82441835329392 0.83318340342562 0.790037011224914 0.740255652889922 0.731434680284603 0.708269425921846 0.822959810696885 0.731640427258248 0.747810349942911 0.7795347967021 0.802376056626524 0.795965586805444 0.741795374937207 0.830593013674759 0.754402192698401 0.778962281925949 0.798312796911092 0.719593629737701 0.829949652952852 0.71615302949321 0.702937547132791 0.830073520704656 0.834585810933616 0.83511531800163 0.837114173663342 0.772665692384424 0.770347461193406 0.779355840647909 0.81199663883683 0.735695751318177 0.834755887449536 0.740219537624007 0.687645149901607 0.742050886707106
0.922513248870503 0.751836616641441 0.791008032441223 0.845480212131519 0.924665562384436 0.844379313942466 0.850911025379273 0.870131376009599 0.918049730799064 0.839592364392176 1 0.713293655794728 0.912698432497462 0.513795933426194 0.894563712060264 0.878638242833656 0.867568024217249 0.585796931383562 0.906605235986398 0.88996720078685 0.726847756495552 0.919626655201293 0.821699557241767 0.859000683248772 0.902866245343511 0.913786121683982 0.911873701488968 0.877028399714142 0.880268724893202 0.884906566862415 0.846393055769092 0.903475373248731 0.872837559999726 0.871448402976991 0.891639177179759 0.877350635786462 0.901750145944799 0.891907906241668 0.90578341136635 0.909406587148854 0.893952895674302 0.781380437110682 0.893550190502629 0.887852335243028 0.892151111847623 0.716054381577193 0.793948769660474 0.89736906088194 0.908511821641284 0.818681877534829 0.899230415291817 0.894283916637404 0.880382416024312 0.901245635603994 0.872932754413157 0.846939776565045 0.886981322540043 0.92062483711719 0.872499453263438 0.917767857419697 0.888328952374071 0.744634357157531 0.875416481376957 0.545348986110674 0.889101768267272 0.713291608697382 0.860352713414824 0.833728769742431 0.886001818902719 0.863861100578387 0.903345737159424 0.899878410655306 0.896650816574913 0.866520427688464 0.619819011199118 0.753852463083723 0.883394249065989 0.896586485836789 0.832024490274827 0.913377103422486 0.914476099256919 0.911769027081342 0.880574461054644 0.746806620973945 0.889362075341373 0.913867422766495 0.902721152062184 0.855809173264613 0.001 0.819210698517784 0.758692542059402 0.772204591342987 0.93065842754813 0.874803675034804 0.915040536381311 0.891365412764155 0.873509152759178 0.907242923270153 0.919940780874194 0.92344035521009 0.93580075096544 0.706525503344911 0.888012878219316 0.831788126799652 0.921885994023147 0.894250552382676 0.725470217812531 0.801973174768106 0.8156050553957 0.850088451700142 0.877126568478823 0.864443913265549 0.818975624811598 0.763528635424004 0.755435642478193 0.895118427690182 0.880779186743798 0.925669213635088 0.920133532914176 0.902050398879285 0.763278871392594 0.884276966002465 0.866378688841119 0.905523495493794
0.626754064841562 0.793659443426049 0.858571833575874 0.701116200188481 0.736946758193823 0.740060226601296 0.737374108610054 0.719131177913262 0.746911649079979 0.797767701541246 0.713293655794728 1 0.725703444459302 0.742129687253387 0.58355180707112 0.692290580634331 0.7117436403455 0.772428456990167 0.622153670911958 0.585583458642282 0.799521119597682 0.580535032111378 0.810916066517264 0.81471138784293 0.699207259378737 0.610177018999762 0.621719937108246 0.714611156537046 0.54796742314174 0.714857304689981 0.715261581768186 0.550686929350271 0.543460045336013 0.782489019909429 0.587880264279977 0.504052732722341 0.667786235808759 0.682374523457384 0.573442834190146 0.726956236566819 0.560608691960399 0.781373709626639 0.64162892039461 0.552986503076137 0.567933208083308 0.830750355468992 0.872324190224504 0.56561368247859 0.722776897944749 0.871085834470582 0.596527582144213 0.6254585155713 0.717636439682147 0.560887101751787 0.543987476437628 0.835748291705591 0.557627301145134 0.587288364701259 0.531473847911202 0.602366467803558 0.538263209048506 0.859545680452474 0.54102926150936 0.802882823839765 0.781187605535612 0.860202108511859 0.718937201846143 0.871015838620776 0.603269550242792 0.542518808402571 0.582353916723336 0.567534016449482 0.546715472445631 0.599863270899061 0.79809746265577 0.839296039798143 0.564480154359085 0.622546612699554 0.813589842899984 0.591092952572044 0.622746751113749 0.564642179256937 0.559965498943241 0.935548331163805 0.564110911418373 0.573673283904177 0.572482527756311 0.554814603302038 0.001 0.795693794065346 0.822740189437916 0.856757756784831 0.661839153255333 0.564465574398972 0.580465060430646 0.538966541142866 0.680053899583003 0.565920563660186 0.580476721791736 0.659508866255272 0.639511098457541 0.904494960898199 0.577953347534048 0.800910538364923 0.602684641329927 0.608117631957399 0.833367544248655 0.625641634401979 0.773650887126518 0.519444821088647 0.522989985142112 0.676221830652509 0.744696334064514 0.753551796409136 0.921692874872913 0.58804731814595 0.597099661028069 0.671152394765206 0.673545085564389 0.566544581184506 0.803585916966794 0.566437279225104 0.539865978294661 0.584119823836718
0.887342867301646 0.717813584024953 0.749572274070375 0.86345956065093 0.887449831313854 0.825730170944968 0.829109269987691 0.854157806974245 0.895714616513097 0.814538382248057 0.912698432497462 0.725703444459302 1 0.530192625138327 0.879639899299171 0.852668673580335 0.844311464087377 0.58644959799797 0.883503272680994 0.855639718499633 0.754473643680874 0.888652790101765 0.80413267997757 0.846193894172071 0.880410209423006 0.865496451053533 0.898464266504872 0.844260580273997 0.870051468863022 0.8795187315608 0.860589784370992 0.874841335177667 0.867338987669616 0.867142363235494 0.882894940763937 0.845463227040337 0.8916315003964 0.867944074004758 0.893580964111771 0.893691244914607 0.872264108144626 0.769033133588711 0.869367564270655 0.86939500993391 0.882049042524094 0.701349648663613 0.777644414983939 0.881760508323095 0.884787212927024 0.81422519533677 0.878618070048613 0.874045795626617 0.843306471313084 0.86981179144948 0.857414516442554 0.828685830255597 0.867117477245106 0.892317553892729 0.849315421256763 0.88502085699413 0.86168708756307 0.709168441057607 0.858902078159578 0.538138096752397 0.877713292889433 0.738085497911802 0.849244737488823 0.874605358367369 0.884360717691698 0.845989923567477 0.901356862338043 0.881914887688688 0.86193689459567 0.846584975300061 0.640569134195274 0.731764323243244 0.867734860633275 0.864972504465982 0.811041748804394 0.881980696944925 0.881406297202081 0.889387599744513 0.864563004207175 0.753022136286257 0.876007090019429 0.888517630872468 0.874873975279567 0.849481185577307 0.001 0.805372924891611 0.784469972444704 0.772342006128738 0.895336812865525 0.854148001550411 0.877048536000871 0.865019671492822 0.849371484980059 0.886116250491742 0.88924722459189 0.905448133842496 0.895064481911916 0.726053425021678 0.87929411054138 0.831673550498363 0.899065264053189 0.888770114778189 0.743308433619342 0.790474730615761 0.850818232463056 0.839628508694369 0.856460289802275 0.864791307706164 0.848192489327939 0.757909085823641 0.778707469269522 0.869494819649918 0.865364813776762 0.884637408434273 0.882294624040055 0.875408944266825 0.745367724762295 0.857800935989781 0.836612210905018 0.870061456855025
0.41996234500727 0.653950724002654 0.698098449120754 0.516628965663874 0.553786945234136 0.582338875101746 0.5546171960732 0.5309600733973 0.540779332275981 0.632540169006079 0.513795933426194 0.742129687253387 0.530192625138327 1 0.39008397074396 0.540842967891696 0.524917737921796 0.667401130929183 0.417936382744826 0.393781219092746 0.642779000816851 0.380226840016232 0.652572736901435 0.646078435570636 0.497923472146773 0.40477542909863 0.447985719428013 0.507361782048133 0.357418283634263 0.544870272241829 0.512788326080638 0.362054806002448 0.363740975655522 0.590394451586763 0.413158915170208 0.327106662216171 0.47731433117795 0.48786761491776 0.371838672533715 0.555627259189543 0.371769314277973 0.598870750807528 0.474480324682994 0.362949510426146 0.37590956089965 0.742619716207052 0.72732560740154 0.377691688388631 0.567112318955115 0.671387427180894 0.400639071419139 0.444506094440361 0.519932531168837 0.373865357084492 0.359436509699519 0.666465161105145 0.369749747510926 0.389448605769191 0.347034432797114 0.393435553224336 0.347551722891318 0.704339003366262 0.357533187686476 0.692676131618083 0.586049164782125 0.719197224259366 0.532333280778228 0.713185167730713 0.431628057650647 0.357139384653048 0.381326196633503 0.377497711643126 0.367188542903833 0.420326491617307 0.745814941327163 0.724494395055606 0.367279181240353 0.444735779719964 0.662291371936693 0.396549534990951 0.418534134236406 0.370769860511925 0.385131607398456 0.784346156807809 0.370972091262883 0.374455954408246 0.378922887054342 0.364980114673569 0.001 0.622585920525377 0.683621180774149 0.667362824186243 0.469209985407319 0.391289304820495 0.378710887626622 0.345230468509743 0.513418585596363 0.377369893191341 0.380712744481997 0.437681725657262 0.455990361105204 0.798651951580022 0.390158985278627 0.659349895098529 0.416659726472368 0.423532958587247 0.713357118726578 0.43645622086383 0.568443604284576 0.346667116876954 0.353896859283521 0.514715403875094 0.56561368247859 0.575000168134601 0.762110011355459 0.398164318110658 0.400468936466913 0.475452227655311 0.449036068639654 0.37922423900072 0.682962285841479 0.367293938435806 0.336784036615568 0.388193233515524
0.921198356921483 0.631294256517897 0.652760047350211 0.830895803934457 0.852756773599108 0.771887744006836 0.790039278576232 0.821133779974882 0.86941746612104 0.751189580499902 0.894563712060264 0.58355180707112 0.879639899299171 0.39008397074396 1 0.827046449524324 0.828058205473587 0.489133584776885 0.91708066008881 0.898036333081553 0.631663965414259 0.942436308340678 0.712964148780506 0.778481783835494 0.8876587029766 0.922256472737023 0.917188576551185 0.826246945674325 0.928366931990343 0.832148667690516 0.818808763429744 0.932819036010151 0.90981382737841 0.794030802580974 0.918302700219741 0.921029171085372 0.885249481542903 0.85077672311883 0.941433390190645 0.860091023432331 0.922330586344017 0.681061725223817 0.859151077805198 0.923771690368526 0.921724617707934 0.583166741505006 0.663722262512407 0.925669213635088 0.845599117324477 0.699313621155941 0.920270860367323 0.8914370439295 0.813956511544721 0.925440774012107 0.912701051878536 0.731648826323129 0.918141951160777 0.934947094556478 0.906750953551847 0.930073679590408 0.929459956278066 0.614184524954436 0.911711461278896 0.407775483685625 0.799564717554742 0.610911197686347 0.795963302446081 0.733284278961332 0.897217126139877 0.893424542597324 0.925480614073089 0.924779679475858 0.925135390516359 0.872577081001876 0.494004925351299 0.629841081878613 0.917925906598456 0.889168113814791 0.714367143318938 0.932497836686552 0.9148724814808 0.943697552376005 0.884934503087142 0.607113196755936 0.913578967754965 0.939592534354394 0.936136521097573 0.887702011790365 0.001 0.716523080232388 0.682464614177917 0.665026448651409 0.896702284488757 0.882699856371501 0.928673382205019 0.927559986435434 0.808028424264198 0.929825473116908 0.943066719512133 0.901918378810816 0.930137743628568 0.564609770557264 0.903210935358413 0.73556485661966 0.9377660432989 0.902586443464907 0.622737814991198 0.776928342779433 0.738259214937551 0.87770321705711 0.91360780915846 0.832444857862103 0.770776483672986 0.672073730084448 0.631080504084438 0.910323134126745 0.907789869356588 0.897513293928111 0.918352775346852 0.920109766781558 0.663202446482812 0.908574400485613 0.908587438287389 0.921597652926758
0.852406874472466 0.710672055609243 0.787122057748148 0.830588246206828 0.907732554783785 0.830083049758951 0.845754447251226 0.850976963338066 0.876560361354138 0.823441765918593 0.878638242833656 0.692290580634331 0.852668673580335 0.540842967891696 0.827046449524324 1 0.860002165697444 0.628216343291571 0.84147151788627 0.807006400052317 0.696733404479538 0.841671983550153 0.773080474990654 0.833664168260096 0.890447508735722 0.84118418655769 0.860547798296607 0.824823042005392 0.814942898739384 0.846429492839841 0.791800706401554 0.819109608556304 0.797419768180295 0.818700674204391 0.838756660391754 0.777178112360209 0.848959624783188 0.853993580971924 0.814648259922629 0.862253585776473 0.822832281539013 0.7726568224607 0.845189086348521 0.809843904726841 0.811549330935923 0.744136591932984 0.784107585430229 0.825298982730605 0.882104735430333 0.791353168208166 0.826498338309357 0.840457845182404 0.81837649213259 0.813461431172182 0.80573820274201 0.815750193349035 0.815548879895082 0.834399006255315 0.795319374636926 0.832655121293134 0.804661340245457 0.743775760131267 0.805691955882694 0.524636102627108 0.852260106410348 0.728050285902967 0.856057276262942 0.817536096388417 0.842380033437882 0.790424822896997 0.815356976126186 0.829580541423099 0.813239676832965 0.806740098369422 0.631776370817498 0.760384080936881 0.810322829916975 0.854152904248257 0.828255475653701 0.833877132833705 0.816497359933389 0.827150892865431 0.817709738689098 0.73456702300319 0.809253774976419 0.824995864351433 0.824456210482868 0.777588622429814 0.001 0.797813493546976 0.759760214553654 0.76456581040696 0.861682141620245 0.804989330345177 0.829780555678445 0.807068935797143 0.826493594344193 0.834432532220983 0.842186650143703 0.836897980540143 0.893124597625779 0.707670038757936 0.823207840643951 0.814935882291202 0.862716460979895 0.834858908387914 0.709479904401111 0.748899245403366 0.79085367833513 0.78364415423889 0.803802732059078 0.806087452220404 0.794527738586879 0.753908716210414 0.742053016341582 0.836811518925203 0.812145796251788 0.872489437284114 0.863903248308588 0.81817922676701 0.777695747669314 0.796662622433579 0.79971618156322 0.827267220291089
0.859106696345278 0.753603701513108 0.778477315477491 0.842409044761671 0.876897525118783 0.825810747559542 0.828761938304918 0.834770261700983 0.88219840870298 0.849378797912451 0.867568024217249 0.7117436403455 0.844311464087377 0.524917737921796 0.828058205473587 0.860002165697444 1 0.678535219943335 0.867951546843729 0.812612089791936 0.727486352725332 0.835093747804818 0.788406206102906 0.845718039239819 0.869202908485064 0.853008887824175 0.886039961123687 0.835376601291187 0.830993578688267 0.857180780235474 0.833420163386896 0.814720740543452 0.778358913335331 0.857850173913678 0.830187876576312 0.780997062949002 0.856369349445269 0.845337062759037 0.834894848915667 0.865466644633557 0.829294890403458 0.773078256309783 0.867159783853725 0.805282786856822 0.833769447318055 0.753874098404937 0.796006706395058 0.812332281550987 0.857089763375612 0.797417479647545 0.835412564105527 0.819304746891924 0.848501695425136 0.828184167756131 0.79745638559755 0.810039160422295 0.816495016649433 0.838330699522752 0.78904000770061 0.8303165457634 0.805206524091685 0.745250080769784 0.807506821718787 0.550721699928826 0.854096524921988 0.727540638389928 0.806075885245149 0.82095469839955 0.828536012958055 0.781196573390775 0.808306750039457 0.819608126463379 0.806916079197574 0.818174530552184 0.622753900104117 0.747651550917421 0.811062697745984 0.823519755780969 0.799303165468854 0.840219085939921 0.819610478681744 0.825434000971513 0.783641905241081 0.747364081738493 0.818987376894696 0.821984951078201 0.822164257390991 0.772171349503513 0.001 0.786970720480225 0.755810807334974 0.79141903358387 0.86087633226822 0.793566061408811 0.818611393867432 0.805814515863525 0.869013343483683 0.826045412484227 0.83576748021447 0.842672610046157 0.883893839744537 0.711000503298423 0.805414530464398 0.825955331194333 0.842428386199273 0.84472591788637 0.700424361507336 0.762322199253063 0.776964019232964 0.789572341575649 0.77955716909796 0.8246100231901 0.799922769633672 0.750110271360936 0.757193801424085 0.844667736661268 0.835383793730203 0.844439898777706 0.873120668592118 0.829580541423099 0.792316711476153 0.801519886935853 0.798642783343407 0.83155183047117
0.526544232971765 0.697481646491133 0.765898879492661 0.628501271563146 0.636037074884318 0.634846218233885 0.639213840900845 0.638793879180969 0.654555329843896 0.720672461985402 0.585796931383562 0.772428456990167 0.58644959799797 0.667401130929183 0.489133584776885 0.628216343291571 0.678535219943335 1 0.537718179322849 0.487140082969689 0.689694708374379 0.480816139939249 0.664694439165813 0.688883642698795 0.605720899537184 0.514008313445236 0.543887568556395 0.614057626230756 0.471303214381146 0.606679501560597 0.614478960457544 0.455388775255235 0.445227449493761 0.660920467500172 0.497684885706121 0.416906130547965 0.564598427951846 0.588076008938594 0.470632799313272 0.618138515613565 0.475366271113934 0.684995920928607 0.561478174597194 0.453924755635429 0.473983555801451 0.786404029056101 0.767917167426091 0.462361829570665 0.637215535105003 0.756309869945525 0.503971729954401 0.507909567753872 0.602300778983562 0.460090390729253 0.452199319738145 0.742391705978446 0.464811199205115 0.483411826629728 0.442495051770369 0.501398014830682 0.439469047469462 0.777724763294698 0.456426352777725 0.693684745493703 0.665190606526736 0.748882051315106 0.624122654355572 0.724471523715226 0.509576949873732 0.446453237471135 0.468142003780036 0.468338200712393 0.460591104277957 0.529395898729734 0.689728358536969 0.755750074376569 0.469376993288824 0.535116466216086 0.709009708449458 0.487589065783042 0.524106375459034 0.461692208003872 0.459972887862194 0.794739828848756 0.468249498766829 0.463001859354674 0.476044795210321 0.461864493085381 0.001 0.684068650039524 0.717589071279166 0.766037370636704 0.556763781816895 0.460351909285016 0.483603319724894 0.434027951979394 0.60523087627782 0.467819666861294 0.480839598929275 0.531146011538411 0.571125392222692 0.762114385767276 0.471452024477412 0.699970211208253 0.504466628513797 0.523653822793839 0.708580494422259 0.520520777914158 0.639547806506549 0.443335271032156 0.428902796724772 0.592147352096689 0.626933964458139 0.644001371846178 0.771300923016621 0.506484518495637 0.500032850066015 0.563442678363912 0.585902856185617 0.479105346364788 0.756374989358376 0.459687837144499 0.446496803386136 0.486014551958928
