1 0.0516476410847547 0.0623689942736221 0.210415764406613 0.415065697385176 0.171184287213818 0.215979702741509 0.256480357058736 0.388889460735214 0.13274865373996 0.516142930074342 0.0216852890712475 0.375268350094649 0.000813329284890883 0.510141125460095 0.269956739132975 0.287856485329505 0.00519663989306179 0.537135317881572 0.45867319959036 0.0260908993660263 0.692134380946981 0.0946095543041856 0.160834518095576 0.374862320634331 0.598082740720323 0.616953574985866 0.257890600556657 0.578222095901036 0.248969111567583 0.203299228808258 0.63480432016312 0.556016367132935 0.234258043156603 0.601003412188143 0.503391022886535 0.435868301908077 0.382553502399289 0.673320875725663 0.381564458236282 0.634027947316423 0.0680000245434768 0.387838396423142 0.600339015494342 0.511909001997385 0.02285911430401 0.056833908261932 0.624094517075265 0.334632046937399 0.086479402129316 0.572939339026078 0.409294186055653 0.2462536416995 0.578004412289948 0.543314041726346 0.108517743886525 0.576795042121663 0.647082204558602 0.529168052948244 0.575452760263854 0.657226830503601 0.0337951610073772 0.545671815962865 0.00167434588524375 0.253211760645843 0.0330168858629759 0.183741609649974 0.114128292315829 0.459451051074889 0.48331916723064 0.588366205734442 0.600282505020577 0.52762608762431 0.416396285893122 0.0066811028486036 0.036109839531254 0.53427349420716 0.491115949470745 0.114071902830462 0.615097902498658 0.470834948635959 0.670206472839122 0.441131226606738 0.0311076873360534 0.599125211850666 0.630709254972011 0.651467528365589 0.425169707486873 1e-04 0.12183609592773 0.0517778599826849 0.0511854133427399 0.509889070558147 0.484343944222863 0.592005200488741 0.575168435629307 0.259064611958655 0.673495202385392 0.693879455347545 0.460067785590701 0.664255262642652 0.0173041189884623 0.554109206078582 0.103465076876688 0.665444394096524 0.602660531093951 0.031891954707946 0.14038623713277 0.136018582326255 0.430597225543142 0.544619807516267 0.213905763241101 0.145540049972254 0.0760479768985913 0.0389699760557839 0.631853203046344 0.502503302195917 0.638670406387744 0.605646315743279 0.536162853217969 0.0578908952221724 0.502799035014219 0.503568755125411 0.555728567216113
0.0516476410847547 1 0.259711677976852 0.0479810975559994 0.10552828566393 0.108114986518808 0.137690109268436 0.130481407659126 0.0905383680794951 0.196053923880692 0.0964258010922233 0.150308923990491 0.0659588947380491 0.0307213698844642 0.0230075338214786 0.0607665720663273 0.0983000459468838 0.05211281652592 0.0226651989574572 0.026648783278861 0.0687579595823642 0.0175167686176912 0.150075640344638 0.122235299234752 0.055725357711451 0.0269978628319004 0.0400899728901163 0.0720156583441261 0.0140467023369066 0.0629425829886491 0.0417902676538275 0.0138253286034633 0.0192345020843363 0.111891676132869 0.0334966478091601 0.00819468862837747 0.0875297837134964 0.0531419980629623 0.0172536957792516 0.0918129008198504 0.0292854459012831 0.0862111735477989 0.0571275813191848 0.0207014104955925 0.0163238577778445 0.149722869972046 0.154945719569021 0.0219368021554366 0.0822938946980998 0.185855208638957 0.0202661251161582 0.0245821954003516 0.11255722444138 0.0192136909114814 0.0168547704564384 0.134683937717583 0.0228456691901051 0.0180185041646819 0.0177307796254679 0.0189113313334884 0.0170245964175318 0.12521678603615 0.0175402818859419 0.0475270708033211 0.105443880913428 0.268771316179783 0.0375590354908025 0.142993750275855 0.0363725298274336 0.0238909422187785 0.0163973980839952 0.0251338320624197 0.0126057810315181 0.0574930865420331 0.0538774112178275 0.121870508043456 0.0188229721986425 0.0213641365057497 0.0954279825828276 0.0225179279195508 0.0249294188597438 0.0155407484963266 0.0252429032388492 0.204720358787426 0.0252750030056719 0.0148049600280474 0.0149337345179022 0.0200682139272214 1e-04 0.21658031049137 0.0896352180136826 0.101468470351131 0.05811475976015 0.0251415226819461 0.0152508987560694 0.0104572635866271 0.087564809224829 0.0155078673140781 0.017294348170498 0.0305354031264556 0.0541660043309259 0.162699929506851 0.0230926995991451 0.143884926584911 0.0224475569716326 0.0600514871742607 0.21575109636571 0.0191036771188174 0.139136379665271 0.0120468812335822 0.0176346510083448 0.0558553408166528 0.150822715357719 0.153280998110032 0.164815663767615 0.0453237737413278 0.0352550203523005 0.0808826669011302 0.0549298063059396 0.0149383040427563 0.247141919960714 0.0229156702434311 0.00796781532484977 0.0170181871577478
0.0623689942736221 0.259711677976852 1 0.0886075189910611 0.194514343576667 0.130079761627971 0.168700704139099 0.13956270524372 0.179294865885391 0.267006076512608 0.146240453680181 0.286390194506228 0.0940700525187497 0.0524919245858188 0.0302656834217873 0.140452329235421 0.128292128100596 0.112250370622284 0.0490531993343169 0.0258245558191914 0.125473423058188 0.031737717594051 0.25427469552244 0.224188131853379 0.128038765254212 0.0419400251493366 0.0516367030364368 0.116697626563594 0.0205664154993278 0.101377769082384 0.07305006883476 0.0224465004419887 0.0180100252677256 0.174861063952636 0.0300874311884853 0.0115744290962616 0.0635184570880397 0.103543024007303 0.0241061210605041 0.137098395312105 0.0240545511236268 0.207983694770791 0.0622853867864435 0.0193945008055947 0.023406211228342 0.30799229565277 0.387947939819775 0.0233127558267916 0.176602154100725 0.33601304484006 0.0288476636485166 0.0491618340116153 0.131486315161394 0.0263686762240772 0.0168877252039593 0.325092081299938 0.0213852637140713 0.032725247181569 0.0162693976678339 0.0389571385851948 0.0193712369865238 0.309015995285978 0.01752336564942 0.122324508423999 0.20047234186062 0.203280092061454 0.136714984657362 0.259778918828794 0.0330837767491724 0.0167831281417594 0.0236737838644431 0.0242592114192954 0.0198666242147119 0.0428539414879339 0.105257932593871 0.2878632597782 0.0208603522624567 0.0549918914155587 0.261342572954989 0.0385095751213982 0.0486073269218863 0.0235759308809666 0.0207018976850444 0.420869067313582 0.0223621389872021 0.0253107172898732 0.0298940434075599 0.0174398497022684 1e-04 0.199902289875006 0.193573625729826 0.276515323607319 0.086335024111459 0.0229135131699298 0.0287101763643432 0.0167653638331213 0.110146425286662 0.0242386672752533 0.0316043018361724 0.0593811402229498 0.0867954330269253 0.283373260029485 0.025425342477556 0.223245712807965 0.0418956332132954 0.0432327919848311 0.160868587190361 0.0345364686790479 0.120215493261883 0.013332612905312 0.0168274232985029 0.0686027935892213 0.10065744043937 0.126746621313137 0.285253420007649 0.0368862917363209 0.0325723454911702 0.110918996161194 0.0928318870621438 0.0216506138290488 0.191552484466847 0.0199725692932337 0.016116584403051 0.0298715391883867
0.210415764406613 0.0479810975559994 0.0886075189910611 1 0.260152115993383 0.167159419551535 0.146799056987437 0.185693445255332 0.277166836724551 0.19901043620783 0.252485799755614 0.0543818633814911 0.300036800805673 0.00444653025629671 0.218911891253694 0.218248311954269 0.245062700243272 0.0221860105356999 0.181212258388661 0.157682581983577 0.0673581515280303 0.181583660465187 0.131254441494215 0.182453228245294 0.27155609107977 0.192651058397737 0.25425674397479 0.165932631672145 0.176323912999876 0.246305804871682 0.206408714722359 0.159725553050201 0.135833048670175 0.198710919098086 0.205681360779933 0.138008032713706 0.210693253130213 0.177268387981434 0.180446250263185 0.210732924238019 0.170220142836097 0.0922352075873959 0.194550968382537 0.145759422593133 0.159579021025622 0.0534731935844327 0.0984482136760824 0.162742053457364 0.28949374685713 0.153432579222517 0.196983515078056 0.175438135446054 0.159815793473704 0.156102298704768 0.129746510095574 0.146192279220942 0.155834349798461 0.179679251562288 0.139214987787677 0.188245469214905 0.14892515580278 0.0643096261733931 0.151028723321718 0.00362728974038345 0.228008491595902 0.0572864447106776 0.137531422296542 0.161471665895705 0.184708428938717 0.113533582470529 0.190191429252762 0.179890803157308 0.142637484445459 0.14885857984835 0.0173608169766298 0.0634034591481383 0.158788573121687 0.157853374752388 0.0941254145464769 0.188720091424684 0.187979848446036 0.185261310919081 0.141221275322305 0.0660505420547003 0.15561446222304 0.192012849305563 0.170304288239263 0.120433533953276 1e-04 0.108891245738825 0.116152381961832 0.104517412701968 0.213402952687537 0.140945695786482 0.165597138512897 0.163767868466693 0.186481728124639 0.185191565484858 0.183841091928662 0.21877798444218 0.279478975983679 0.0540704835914083 0.152242028248685 0.130177759372486 0.219185109013739 0.19586023573415 0.0498398211958013 0.0917761760918849 0.125054815121501 0.114693722579915 0.126824198752995 0.208238372650306 0.142983655055344 0.0661345342555343 0.0756303378590782 0.202821350156335 0.160702095746613 0.196515857423567 0.298269709375056 0.195252746413999 0.111812706782848 0.137024206997474 0.127021339417526 0.174015394062419
0.415065697385176 0.10552828566393 0.194514343576667 0.260152115993383 1 0.247363034371732 0.38557233783899 0.334018346519619 0.506313769360947 0.255137861982509 0.526100996530724 0.0818381024084999 0.375639456720316 0.00785905664337302 0.270866765591725 0.452114407547008 0.340542774090857 0.0244638857516563 0.300467832252866 0.225829674991675 0.0765885894206723 0.322668250635384 0.230029615291424 0.270452737527419 0.433627654329008 0.391128987933902 0.415710892294437 0.284308440375889 0.237796273529099 0.336361162869845 0.175979834092586 0.27857279274002 0.215000940602977 0.268644841513857 0.305890263183916 0.20223509969987 0.397251560463013 0.388103179263838 0.288874436341999 0.44565989083958 0.271607221957502 0.144264677327578 0.424859638430509 0.241751789507829 0.234627704960846 0.120453375433675 0.187260135997027 0.283313246632065 0.43952502346164 0.199268194394477 0.304196061883389 0.272689614461483 0.283666841908195 0.263194220148229 0.219675692641233 0.217673812637557 0.249602709986218 0.305638409865017 0.212801139906601 0.315749772053497 0.237818659622253 0.098482972781101 0.229170480273455 0.00777242442742603 0.370259290984138 0.0899564302602838 0.244055504004157 0.237287558801218 0.330857658812793 0.193432455767784 0.269772561532606 0.290599543238055 0.26302703604875 0.228734042176026 0.0348016335746606 0.149479942013919 0.260305220496604 0.352231372613637 0.234164341042501 0.280269357180997 0.324885578942746 0.294288423437253 0.253748643112054 0.121124233116872 0.247788362000759 0.301587155642698 0.281147974856951 0.17261231488008 1e-04 0.220743259794588 0.153696398411596 0.132171954181301 0.409217135192158 0.225829674991675 0.312901833458174 0.250567925589372 0.303038527702248 0.318878680653158 0.324763269078568 0.352903450930689 0.479196584240672 0.0926311129232668 0.299394935661149 0.282680546497704 0.398684513587918 0.309984730927797 0.0893508926731662 0.110281300561664 0.205671680062556 0.179197843714622 0.238749543335335 0.257417640567463 0.241859911297907 0.115794843335746 0.133522550031842 0.300800360756245 0.24992599525273 0.499214702921247 0.397214166801588 0.279294874654844 0.160399825363611 0.238250002900588 0.227311988530121 0.326879582686541
0.171184287213818 0.108114986518808 0.130079761627971 0.167159419551535 0.247363034371732 1 0.12796646781633 0.140085910532352 0.239199462253525 0.200147072002527 0.249802509673772 0.0847168185743798 0.207998379255256 0.0118687498839381 0.11965381218336 0.217162144842494 0.208164875889805 0.0240908085656508 0.125931953963107 0.121609791921139 0.056022530866517 0.125455707078876 0.139924462414796 0.211264243937729 0.174573240410609 0.145191107066223 0.163536786426209 0.189262709685621 0.103226728622177 0.179620061710488 0.166124088623719 0.104662635578359 0.100135282246003 0.242441181749013 0.132187507665655 0.0662997185677507 0.205473325736871 0.164393422276501 0.109957359434115 0.213056702688693 0.105886514297678 0.105829215727406 0.15866530312449 0.095291087857269 0.101110910390346 0.0802493967275821 0.134775888375263 0.111683843352113 0.309125099545279 0.202830896712129 0.128694311673459 0.147536765252211 0.194802950669377 0.105854124338456 0.0919361439483621 0.165254545343377 0.101299067970176 0.130945912554249 0.0817976671370648 0.115375937876871 0.0941209843855093 0.130217592041681 0.0817110873890807 0.0111708671622207 0.19146685226181 0.0987405718717141 0.113720768305934 0.219717055038727 0.114294938247451 0.0831778665674295 0.113809120065987 0.112742800529349 0.098645344276231 0.111078341865815 0.0349995772676265 0.117135113177817 0.0972988600594291 0.126383237362063 0.141670658490093 0.131075406277183 0.101793750858334 0.119013503211975 0.0858002931291658 0.116744323743323 0.111770612587641 0.117275786180874 0.115001842683279 0.0932457132960508 1e-04 0.173230879666135 0.0869876527798836 0.119718595734089 0.19241997230734 0.099482294757269 0.115226696335238 0.0946518677629224 0.165134028006342 0.116596056082615 0.126056489332229 0.147200355005667 0.183452120158744 0.0856913250154073 0.109127263048825 0.153180027239726 0.14971229968219 0.15079077379924 0.0704334030466867 0.0877711255369726 0.126654187151963 0.0733032213376559 0.0787545225281023 0.175731520552653 0.12357738660964 0.103701534947862 0.115696781370759 0.131749600550242 0.107632637130695 0.203768642272934 0.182474698635501 0.117471906419742 0.143438646328465 0.0980297530437055 0.0713392382275526 0.126818229572219
0.215979702741509 0.137690109268436 0.168700704139099 0.146799056987437 0.38557233783899 0.12796646781633 1 0.452923770292023 0.297197667453319 0.258814764306328 0.266096495904777 0.082228073524126 0.215081912616585 0.00795619797741374 0.144778249720873 0.25315813491552 0.214344172018493 0.0254840490362229 0.152654612882299 0.131768205309261 0.0794937689159131 0.153493976090124 0.144200184807615 0.192017368158751 0.306437859497926 0.180752264182835 0.187194043407119 0.171640127562974 0.118538310767367 0.17425308078587 0.136175523748007 0.130309560109539 0.138222557982127 0.172279533145842 0.215071789447421 0.0737809003721886 0.252569000913252 0.208891180066938 0.13800153714816 0.270943270821253 0.190240670911183 0.169006684817387 0.20025072388237 0.16690783924668 0.119614395882653 0.097999766413919 0.153410915603776 0.178902881777782 0.21063376047095 0.156934763753433 0.130447634014008 0.148767524137854 0.207255668295109 0.1387113563939 0.150804969212226 0.145858934643328 0.17283994977744 0.147009947817529 0.12901575162309 0.154156453048067 0.122653128328661 0.0936415484765901 0.148257244863791 0.00810683648844831 0.205255839965181 0.175566172878155 0.153989660241214 0.208223671222539 0.253862130410655 0.164362474719534 0.12441780766409 0.197866285216363 0.127338600782177 0.200255436606677 0.0301221467703331 0.122379217201328 0.149451801964536 0.159530206896477 0.185147987922782 0.154501488494491 0.174733540744515 0.133494272339519 0.185195923805143 0.116549418209252 0.172693578621219 0.138737474141344 0.128903459776784 0.122892941910647 1e-04 0.262897077395209 0.156698571884537 0.11569405861305 0.209319311247105 0.174093221225335 0.144982825425792 0.0938113907108888 0.170148051296121 0.144064505305467 0.152073727872723 0.171704769358055 0.267301572807004 0.0978568794005204 0.21491999907295 0.225718095129268 0.181088626583748 0.244981971807556 0.148687021285414 0.065721825072414 0.261644116128446 0.112456611088009 0.124778476987287 0.153291820364334 0.305487397418489 0.140508531986537 0.144686284854433 0.222228793100028 0.201138668472447 0.287484136064743 0.218145611700627 0.118641573207313 0.163571427934409 0.160838303194217 0.0940036610662256 0.130638108847697
0.256480357058736 0.130481407659126 0.13956270524372 0.185693445255332 0.334018346519619 0.140085910532352 0.452923770292023 1 0.402796377046893 0.314577884927069 0.319584878883655 0.0669582885054951 0.274537652082965 0.00556499297236956 0.198692214253172 0.266265631000966 0.227424356306347 0.0253470785464713 0.221091595119986 0.210856944600316 0.0885554024405327 0.207582720050725 0.142778540080801 0.211542851605543 0.371376316382243 0.216116982819827 0.213759826339117 0.248904668712695 0.166280543772692 0.228373665984576 0.185807102108131 0.179586247692778 0.206146571465194 0.186179158280434 0.264716126356767 0.12131536850735 0.278330330460542 0.246085635503559 0.185396517454749 0.25996850945341 0.248928100547929 0.183400319475459 0.237421619566006 0.228373665984576 0.163194615143921 0.0683304871074369 0.135583936848757 0.232807125237527 0.251229241253837 0.150883067874335 0.162902990702132 0.177139109152729 0.238693363006506 0.173043448883434 0.21677408185885 0.156805552248985 0.246085635503559 0.203050591557395 0.188019667654936 0.224996816113125 0.164714847224958 0.0914613796954004 0.201096070893388 0.00683215552694958 0.257048366101991 0.147613171381521 0.235828976712708 0.202640050943639 0.329746081971898 0.227435060895902 0.19183669695538 0.259040225964109 0.169875980913801 0.297330587022922 0.0173053407287855 0.104220212808511 0.210495009586152 0.182668045877915 0.191949596525983 0.198495919652435 0.240164009031417 0.179299085432048 0.244250863315154 0.100775952965944 0.254556101965569 0.180948044714079 0.180939528109199 0.162868490757004 1e-04 0.288840446715407 0.121127083668952 0.10058403267531 0.24122893568145 0.211662367338331 0.194821289379803 0.132651842398338 0.202254138071304 0.185706555958626 0.205778193018532 0.222296792165642 0.293721060604621 0.0671919114182334 0.25166713924566 0.211986394970799 0.216896553088893 0.303681057384498 0.138698299364015 0.0872233943110756 0.301062397383788 0.196918624864171 0.171518989782403 0.216310339654535 0.309023267705093 0.154803572557759 0.102534275626911 0.275566863656698 0.266002578390053 0.274143818371718 0.295030411132504 0.163690804862034 0.14431900918949 0.222192186834519 0.123722884729308 0.17587632750511
0.388889460735214 0.0905383680794951 0.179294865885391 0.277166836724551 0.506313769360947 0.239199462253525 0.297197667453319 0.402796377046893 1 0.31181388944541 0.496017659926861 0.091366721456532 0.405306714651896 0.00646730382169557 0.317441078439927 0.339470552135512 0.357795576109022 0.0309550575751454 0.380318322344904 0.268537384842345 0.110442329257525 0.343739352618166 0.205942912458769 0.337431504746779 0.442639117223132 0.348119176090252 0.381169556915619 0.365205344494394 0.273370711666149 0.365893566935438 0.269639269991987 0.301026973693836 0.230913707235951 0.34887371012963 0.307304481831291 0.213423042398396 0.360746363651572 0.410461351092167 0.322008281241619 0.412281404119052 0.272965703805361 0.202955042835536 0.389374822707826 0.267710776846818 0.277793733462083 0.0887431656105267 0.207817343050442 0.28573717357428 0.435243033826804 0.197624292516818 0.333076389028069 0.297764738201991 0.312548571474813 0.28247439236969 0.231534047684769 0.277069011984768 0.269607543619042 0.351891672872873 0.230116247289812 0.368043970833413 0.255288015501202 0.114896340135209 0.246224666933043 0.0101742127517215 0.424170296284757 0.0942916961960516 0.301275027079653 0.246938436815703 0.297078789785891 0.21916963475697 0.285179585367536 0.293762537842717 0.284817401505843 0.262272934656473 0.0291843086825764 0.141377565261817 0.283079981994252 0.34089558503494 0.253444270105396 0.310671232352144 0.393205553645072 0.31122738742532 0.229380914039952 0.129581729394294 0.279715856018136 0.315868687323206 0.3112347118876 0.195597679277394 1e-04 0.225702159649995 0.160339439547416 0.156591664507289 0.429625497374478 0.233185472718864 0.320473597372288 0.253784475724348 0.332606406898276 0.318428731973468 0.345190428692555 0.411312288383748 0.431693047106928 0.0824606188273153 0.293631213344668 0.264193341114597 0.375551064726327 0.308863314013082 0.0947387810032993 0.124461735852132 0.222720947608856 0.207348361937235 0.225893459675933 0.289616405035495 0.215345282326829 0.138995651100342 0.144251097558393 0.285099060283562 0.293672677895162 0.39028306539341 0.438791233100889 0.300375921201693 0.125104856474951 0.275612263424891 0.230587880129917 0.314503861375985
0.13274865373996 0.196053923880692 0.267006076512608 0.19901043620783 0.255137861982509 0.200147072002527 0.258814764306328 0.314577884927069 0.31181388944541 1 0.238423881393379 0.156809242529465 0.185977717836176 0.0233825371718191 0.0957474177909192 0.203318367356591 0.262192707162774 0.0681442043429704 0.121138486548141 0.112652625389198 0.135408555775993 0.0925047611501964 0.289452872342789 0.291414515798819 0.277519291858007 0.123996885117446 0.127428535520595 0.225166321193903 0.0718768183332458 0.202177995337491 0.211816841768406 0.075013471708094 0.0705993551009076 0.202587599845126 0.115134534499251 0.0464609807591967 0.166742945479765 0.209472075679041 0.0799252181025323 0.234147809266433 0.0983370669600748 0.241473172113807 0.136034588466931 0.0831582939231021 0.0794264488612406 0.139842162623552 0.337034685277488 0.0908713706163425 0.269842407205351 0.302817526843833 0.0808598283675239 0.118371049173355 0.284897847036427 0.0820560260846927 0.0762433047329852 0.250886556608497 0.0972690970047986 0.0990198153859897 0.0661454299506294 0.10750353114228 0.07355725113185 0.219438009919241 0.0735399423215436 0.0283643112430985 0.323900765629803 0.256782333097457 0.166229679693654 0.279439515485703 0.109438456147335 0.0777838145521803 0.0740627256395688 0.0943072307965946 0.0660676429211441 0.126764519586346 0.0389855701002343 0.232840000634831 0.0822396851987426 0.0976797129507648 0.243894737197142 0.103124747527666 0.140155159595496 0.0821275076623437 0.0768503872902058 0.254214861958749 0.0967667930338851 0.0822067897119436 0.0929564980055409 0.0639293648162647 1e-04 0.311220063135411 0.205304150234214 0.22390340837559 0.144774842572543 0.0849004388047852 0.0769517348101382 0.0591023036754759 0.202344594814162 0.0771294146796677 0.0922721159992707 0.129728190785934 0.164393422276501 0.15392806510228 0.0863594090921024 0.218258584638508 0.099157399564916 0.128948971713755 0.157690003912114 0.0673121965251895 0.21687613641322 0.064718036291301 0.0555512099719589 0.217141703166421 0.227012612481676 0.228196376015831 0.23271400348376 0.120646291440574 0.117709899789444 0.129484180340813 0.181271972913956 0.0807058368516488 0.227392245560556 0.0848664790290737 0.0463834137993827 0.0866036380288861
0.516142930074342 0.0964258010922233 0.146240453680181 0.252485799755614 0.526100996530724 0.249802509673772 0.266096495904777 0.319584878883655 0.496017659926861 0.238423881393379 1 0.0626293335391562 0.472800297382452 0.00425048559263681 0.401055948289933 0.346125914564541 0.311946004643349 0.0124591986986936 0.447530686413472 0.384466897724711 0.0730827399650289 0.503047585078905 0.199817627368668 0.287565334803788 0.432618542788608 0.477440545159073 0.469308312367591 0.340959771739087 0.35142822200437 0.36690242834119 0.254729891070558 0.435017747456946 0.327827159565349 0.323573158356736 0.390430050823304 0.34198840419758 0.428252635106264 0.391396017308658 0.444214882233733 0.458997144207083 0.39881589132518 0.132268415293169 0.397345060018314 0.377038814604647 0.392272046153966 0.0646449704942526 0.150758839005413 0.411486560942585 0.455306983535242 0.193879087069709 0.418538045352398 0.400028482466873 0.351800589670348 0.426291843877457 0.328120461929086 0.256082292385024 0.374016369349179 0.50754255537757 0.326787282931594 0.494770198694372 0.37870175420486 0.0891073040204388 0.335854928497153 0.0069293119723194 0.381411834249839 0.0626278596476731 0.291297951364819 0.225108039423642 0.370642888992805 0.301182869113113 0.434506166560528 0.421017663530451 0.408793614647628 0.308870582838977 0.0197942878386597 0.0985664447127684 0.361792115455649 0.408553173279716 0.221362323739774 0.475690941167701 0.48040477980936 0.468866735137571 0.352430373384825 0.0912614218933543 0.382328494756996 0.477788988564651 0.432048772444943 0.278920471589287 1e-04 0.194908421833283 0.103877399578669 0.120057166199737 0.554722440126381 0.333931889626636 0.482841680262584 0.389448137492895 0.329901322345481 0.450118508174072 0.50445835804169 0.520411876380889 0.580362470216835 0.0579195125916385 0.377598239036393 0.220847182988797 0.513272145671399 0.399906116494958 0.0719546711985534 0.163717772997816 0.187984272386104 0.26399445651503 0.341272855033695 0.302853161239155 0.19445026675606 0.109433305253933 0.100276776192726 0.403099830373957 0.353102831407133 0.530801960065084 0.505325747455445 0.429423330186306 0.109140104723058 0.364767278511506 0.308456532659151 0.443170703117411
0.0216852890712475 0.150308923990491 0.286390194506228 0.0543818633814911 0.0818381024084999 0.0847168185743798 0.082228073524126 0.0669582885054951 0.091366721456532 0.156809242529465 0.0626293335391562 1 0.0721445787898108 0.0866790811739176 0.0120729923546678 0.0490162721132677 0.0615220165339554 0.120342871656211 0.0204140366601884 0.0124220162647785 0.15965790617304 0.011570616253449 0.179303305078008 0.186301881013829 0.0531795303718257 0.0174062271682517 0.0202976276007956 0.0635842638192843 0.00720689716960436 0.0637640834511231 0.0640603907140425 0.00750548723816984 0.00673493467891952 0.133815103830304 0.0128272339584211 0.00363292814627835 0.0364753932488173 0.0435473000269213 0.0104612019214412 0.073172230428519 0.00868903554237827 0.132259077270938 0.0262844154879895 0.00776639057550238 0.00966494589615228 0.218597854610945 0.326249386894955 0.00934597955163682 0.0697931938094035 0.32247087681356 0.01445890880185 0.0213204393766077 0.0658255348452226 0.00872448379969611 0.00678872093892158 0.229618558479928 0.00831728658742141 0.0127217125745547 0.00560930388171973 0.0156611732771822 0.00622464746600807 0.289064852179966 0.00649185458440034 0.165246767377776 0.132000986589916 0.290880074427378 0.0668103283609949 0.322258455407895 0.0158547521421559 0.00663987853652699 0.0118712640057172 0.00960938017990003 0.00707298102853559 0.0151354096005953 0.157341550624465 0.237734722637699 0.009193494376632 0.0205200032976608 0.184209211404178 0.0134134955296678 0.0205741610657938 0.00921515567952629 0.0086076247701308 0.579080022339621 0.00914429680556991 0.0104957256815013 0.0103184091380681 0.00797944963550891 1e-04 0.153497588435578 0.201902218145783 0.281465745918093 0.0338955213077247 0.00919154735865421 0.0115591852595055 0.0062916584895451 0.0423476544254294 0.00938764208422583 0.0115610896406213 0.0329291999063556 0.0255813919650478 0.439059802788534 0.0111553672137231 0.161947371330855 0.0157291367532397 0.0169303041275736 0.224309512885439 0.0213716795401706 0.121913536856571 0.00464920933979213 0.00491588783785852 0.0404301138500507 0.0891681388560374 0.0982445405579374 0.512391116300201 0.0128571543352395 0.0145730080481951 0.0380107557784228 0.0391363276002659 0.00947286265004178 0.166437146270636 0.00945816050277736 0.00637827617515507 0.0121696955889753
0.375268350094649 0.0659588947380491 0.0940700525187497 0.300036800805673 0.375639456720316 0.207998379255256 0.215081912616585 0.274537652082965 0.405306714651896 0.185977717836176 0.472800297382452 0.0721445787898108 1 0.00549937618909926 0.349374900449488 0.270637379493704 0.249637957138772 0.0125734862625761 0.362158418176688 0.278467918277587 0.0992344367754829 0.379835310356223 0.167368046510623 0.254238793694502 0.351891672872873 0.305890263183916 0.415622852149124 0.249514613876156 0.319344295565407 0.348980460861501 0.291956809897529 0.334049790939288 0.311271336784702 0.310693166989329 0.360118669036082 0.252444209455392 0.390402486839217 0.313056511103775 0.397457288533879 0.397859701079834 0.326065169289167 0.116073137164848 0.317291701434533 0.317373850086779 0.357299122886383 0.0545305246498296 0.127170892394409 0.356341824810917 0.366496825385544 0.18539215441378 0.346060755318444 0.331566976084715 0.247211724202926 0.31862363173133 0.283239914184013 0.214182813845567 0.31062005755405 0.392872563780207 0.262032325790993 0.367291192226185 0.295023468015187 0.0597202919317417 0.287294761492712 0.00621279308889114 0.343149325537508 0.0828808589014927 0.261853554610327 0.333311629071044 0.36505067293054 0.253736700032285 0.426723450470577 0.356853743788961 0.295725548676158 0.255203918647099 0.0259305213054121 0.077236582998942 0.312438258917093 0.304375087092386 0.179531313490079 0.357072162233256 0.355169703889271 0.382418481928342 0.303195464862242 0.0976797129507648 0.337717504028799 0.379361839539029 0.33415200574834 0.262451992153916 1e-04 0.169496610880008 0.136618495858108 0.120232469254774 0.403906988863829 0.274511809596661 0.34102397052885 0.304511216712517 0.262174196611159 0.371035616209472 0.381923814453978 0.442868350537081 0.40290066335301 0.0724303803715325 0.348250282077903 0.220597849474128 0.417908132127491 0.38024672627504 0.0878145136849415 0.145433910082315 0.265858635910395 0.238508061699175 0.280665385599788 0.303852628599653 0.25920487598472 0.103001048779642 0.128603483593163 0.317672751789757 0.305508966056101 0.365988298891091 0.358115690794902 0.335831217463934 0.0898294986731913 0.284288368474892 0.231572193026172 0.319374358572884
0.000813329284890883 0.0307213698844642 0.0524919245858188 0.00444653025629671 0.00785905664337302 0.0118687498839381 0.00795619797741374 0.00556499297236956 0.00646730382169557 0.0233825371718191 0.00425048559263681 0.0866790811739176 0.00549937618909926 1 0.000444051158107415 0.00647354705392023 0.00506646208736379 0.0363032610555673 0.000781708202722295 0.000479764574933233 0.0266732532883982 0.00035998594022213 0.0301945403875617 0.0278169539063965 0.00328614191832385 0.000601305260521764 0.00138137652493568 0.00383318532174674 0.000216760491059117 0.00687959077772358 0.0041826126439503 0.000240924474266099 0.000250281125837479 0.0132840675213327 0.000711378728689723 0.000104803955633755 0.00232352226461766 0.00277989213401217 0.000299806247271089 0.00807579810220079 0.000299347984331547 0.0149312745835113 0.00221278417462785 0.000245850248225443 0.000327806606216745 0.0871495283495817 0.0734776643215795 0.000340769941266445 0.00955098660395986 0.0381200463687446 0.000552733023713125 0.0012958139567453 0.00468512565929139 0.00031347183637555 0.000227003721977059 0.0358878760813986 0.000286271165333043 0.000438154923573381 0.000170209470767499 0.000476322030004425 0.000172301168176312 0.0564659489894059 0.000217332579876301 0.04924057074004 0.0125032583415246 0.0670087326419852 0.00568411919057262 0.0625512650686307 0.00101822239864505 0.000215377394193626 0.000368610311856608 0.00033933744758313 0.000270410324934189 0.000819130385659701 0.0902724199913536 0.0711648475469994 0.000270958165404262 0.00130131478604225 0.0340859046405628 0.000508132186046273 0.000790923604203889 0.000292812355889649 0.000399881044106716 0.136441776558464 0.000294124577391048 0.000317555667252922 0.000349986634683712 0.000257359101560973 1e-04 0.0205306301676665 0.0442039975660204 0.0362861779721517 0.00201911201443524 0.000455428464775362 0.000348384191015578 0.000163088402896697 0.00422495483159143 0.000338396416977097 0.000363775724165955 0.00114141428535675 0.00159728900689648 0.158240197156982 0.00044475187578639 0.0328641683573358 0.000762341374404976 0.00087180073707675 0.0626750413838057 0.00111546965476981 0.00973640163310334 0.000168737773181377 0.00019985683035864 0.00431326352917945 0.00934597955163682 0.0106964599289791 0.107777115551609 0.000525350438830582 0.000550811198656493 0.00225022713351936 0.00140816029726622 0.000352275606170226 0.0438558384902735 0.000271047453724851 0.000133109462286213 0.000426706738681901
0.510141125460095 0.0230075338214786 0.0302656834217873 0.218911891253694 0.270866765591725 0.11965381218336 0.144778249720873 0.198692214253172 0.317441078439927 0.0957474177909192 0.401055948289933 0.0120729923546678 0.349374900449488 0.000444051158107415 1 0.210732924238019 0.212856235349566 0.00283959996643718 0.491740469848286 0.41400233996533 0.0231182563476965 0.614982108465573 0.0623924832083166 0.128298166655995 0.376365056259466 0.5149660317598 0.492215173068077 0.209068231488276 0.543620998805435 0.221633383869159 0.194125630560679 0.565371606138649 0.460685347967201 0.150886618774365 0.497139554077118 0.509373346652255 0.36806995621644 0.265752293708004 0.609636038047139 0.290572188830894 0.515305479201753 0.0428650366206486 0.287978449801982 0.52194504169963 0.512535839112077 0.0120078203994934 0.0346945076763909 0.530801960065084 0.252777123776995 0.0532459022444783 0.505944523316543 0.389704847966775 0.184891088951954 0.529728750867333 0.472811424320774 0.0771366756271855 0.496426390275707 0.576035387421576 0.448120873747082 0.551870804696405 0.548891717301239 0.0183661393863649 0.468624044786441 0.000638840811138389 0.159729312050327 0.0175787134174743 0.153924442626176 0.0785620049862621 0.410915609698655 0.396887122373363 0.529915782166279 0.52663365663673 0.528297035582319 0.327025777284281 0.00307998750769929 0.0225768274185278 0.495469322784943 0.381645283893909 0.0634064434723224 0.563777214616564 0.482114987998139 0.621763593496305 0.366997421496883 0.0167023539894869 0.476553724981061 0.599929435056985 0.582072253663406 0.37651566075069 1e-04 0.0649927693023316 0.043594467975672 0.0352575094983811 0.408986069621093 0.359466686809848 0.545094242910214 0.539758359294547 0.174134196869953 0.55066427497328 0.618363554630679 0.428908234347625 0.552182596104751 0.00921081933979858 0.433974760615854 0.0805881649794235 0.590432958256554 0.431520371921001 0.020571740262967 0.126213816882858 0.0830409547379319 0.343117024570125 0.476677107490132 0.222281098227051 0.118248540688516 0.0384407595337122 0.0229437306849561 0.462804337111627 0.45234854791078 0.412029214583088 0.497361896251358 0.5052187284837 0.0344723190428002 0.455564219113603 0.455617828148877 0.511957193007427
0.269956739132975 0.0607665720663273 0.140452329235421 0.218248311954269 0.452114407547008 0.217162144842494 0.25315813491552 0.266265631000966 0.339470552135512 0.203318367356591 0.346125914564541 0.0490162721132677 0.270637379493704 0.00647354705392023 0.210732924238019 1 0.290326115007685 0.0221036684330771 0.242835186057917 0.172336304087451 0.0516561500575021 0.243309981740622 0.1211784050795 0.224965048119216 0.386171687077177 0.242156070905116 0.291840028548444 0.206132017716568 0.186736442549073 0.254819828538233 0.147446518086089 0.194711283007599 0.156249315363225 0.19391559226411 0.236484782370635 0.126546928848327 0.261133543171864 0.274105111161089 0.186183539842846 0.296617715211296 0.202087613071769 0.120634934892172 0.251773770332477 0.177368539610898 0.180454743650073 0.08862003152644 0.136101834828615 0.20710939427385 0.357484160445929 0.146764513594482 0.209590421481952 0.240446774452217 0.193286839923167 0.183970932373048 0.17012803128742 0.188258760101344 0.187878126554186 0.226596281360982 0.152906298600472 0.222741914513874 0.168272469608429 0.0882682702097642 0.170047974805845 0.00504421444698582 0.269575820979094 0.0740801574953522 0.27958423122295 0.191665216772957 0.244993502812851 0.145358631961564 0.187515913644733 0.216086468596949 0.183560085245303 0.171870525100903 0.0231520127746819 0.10579186380027 0.178230504922811 0.274524730535726 0.213272415653671 0.225436733897064 0.189677392633277 0.210951248887979 0.191999293384056 0.0796960716271181 0.176311464702103 0.206486450797423 0.205381470316629 0.127096093908743 1e-04 0.156883066379762 0.105082203676956 0.110658268067591 0.295009582270738 0.16883574413117 0.216514060058332 0.172445843738732 0.209580556778472 0.226670951195657 0.244532685674255 0.232221626198191 0.395795812888133 0.0586934079359634 0.202845217388349 0.186723259136782 0.297925955439207 0.227622472795296 0.0599357130589592 0.0933796696462008 0.146006612059074 0.135443613832379 0.166805742935501 0.1707336754535 0.151662713216094 0.0986267739930088 0.0866056761691838 0.232024967104214 0.181545204287708 0.326756522138605 0.301303389049844 0.192905119667556 0.127239745879378 0.155036908092821 0.159977601753966 0.211194649373078
0.287856485329505 0.0983000459468838 0.128292128100596 0.245062700243272 0.340542774090857 0.208164875889805 0.214344172018493 0.227424356306347 0.357795576109022 0.262192707162774 0.311946004643349 0.0615220165339554 0.249637957138772 0.00506646208736379 0.212856235349566 0.290326115007685 1 0.0415783737930313 0.313078614151224 0.182401709615351 0.073610934337747 0.228148048097374 0.142342391013729 0.253068783934845 0.316799255856822 0.271524139169274 0.370773751855846 0.228782494223856 0.219123218541157 0.282607377816968 0.224425677975663 0.186319419435275 0.128132209901642 0.284422207919665 0.217387130327931 0.131737198836955 0.280421101983668 0.252135467338645 0.227702839448393 0.305803890103956 0.215477088094236 0.121175553319644 0.310744353832236 0.169341114899075 0.225198117610191 0.0985896439136415 0.153993284252157 0.181887322730218 0.282361403942962 0.156245638259828 0.22886327044565 0.195091985977571 0.259980745856917 0.213121895216195 0.156308160788061 0.177719516113722 0.189672928848055 0.235501756189878 0.143283449877332 0.217663567476533 0.169209652802348 0.0897133020631112 0.173214573281196 0.00750937416918309 0.274376176447718 0.0736559891705489 0.170713586538922 0.198337156544814 0.213865494836795 0.132013413136129 0.174626657508653 0.195685158965804 0.172178202975486 0.1928960402841 0.0205760979131605 0.0921115635552035 0.179569343071095 0.203476329142064 0.1593013553238 0.239887221544257 0.195689764243563 0.207387403240636 0.135440426361308 0.0918215440677873 0.194473148911357 0.200387437926183 0.200746165991732 0.12001479258397 1e-04 0.140231043085757 0.100685870728954 0.146864711834731 0.292754919174421 0.150163962733533 0.193742253785789 0.170260206889313 0.316233144002782 0.208650434315508 0.229661793004301 0.245692139295846 0.363473338264389 0.06099725021789 0.169568426405405 0.20846392456473 0.245108842721287 0.250644596053966 0.0539433845858737 0.108023428313648 0.126261350567453 0.144078067508895 0.129758724405825 0.205695882710369 0.160316800727779 0.0946251412719989 0.102206628783166 0.250503068899453 0.228798647187125 0.249949523235438 0.32870011846427 0.216086468596949 0.148236311966458 0.162960506851489 0.158225301859027 0.220333241041613
