0.999999999999999 0.733361308134084 0.747749819774402 0.542761892165092 0.600631099192772 0.572559688670999 0.580090118818982 0.634115665545662 0.626781001408401 0.648434383561343 0.601674022845555 0.593598830883446 0.58426518505328 0.507995718870434 0.595981478594597 0.60479355205875 0.521520639982183 0.507104564210558 0.569112794853596 0.58193825636553 0.532773141333436 0.610750401018226 0.618888655468494 0.617726754561465 0.598107834517433 0.615423618565597 0.591387572403229 0.619436957516618 0.581081714465001 0.600071372049679 0.596614760629731 0.555397039666736 0.568715893835901 0.650292483409088 0.570999592517848 0.571748548322958 0.609148456516066 0.602107092749046 0.604811418585974 0.545152568740031 0.630160850266751 0.52013256576471 0.583079687678559 0.568036712811923 0.525403144834027 0.557267975382202 0.562299824839763 0.571073437286619 0.604869449342394 0.598423050156688 0.637612937150515 0.543629646383435 0.52204795784321 0.528348318834906 0.572431073740808 0.536009697179897 0.579569185078922 0.548441063591325 0.547344504570429 0.557129414485654 0.568431461598102 0.568891808897185 0.634587776299908 0.552588136480209 0.520958474667551 0.591805550900556 0.575986117675433 0.580062550580753 0.542510547196769 0.555619606611835 0.562096456416143 0.603031395183472 0.571030918961497 0.604110394345844 0.515725349421941 0.553584102348343 0.668740959322703 0.50322929978313 0.545761348324755 0.561223960088637 0.578287966898082 0.575390229751566 0.568567414682683 0.630611439668235 0.578518906877314 0.54138502380928 0.577183526924865 0.551604515066176 0.761410433490834 0.564655008610016 0.601099675966492 0.508289618672625 0.492592260479527 0.503109976983033 0.478834837733933 0.49613404100679 0.540862223941467 0.535828028714719 0.525820986522028 0.55147424528756 0.506353956057638 0.528158858611797 0.527802466111227 0.510849239050403 0.532105370138583 0.528545334463467 0.539478412048341 0.546533866158305 0.569756647976298 0.540625057332392 0.609529085598408 0.625373855982263 0.567481035870049 0.594616188200818 0.596094463678126 0.744768635057194 0.721576415165573 0.726913423205687 0.730961889034184 0.629819356086388 0.525280361647599 0.620885097453014 0.662884992013827 0.64668936276307
0.733361308134084 0.999999999999999 0.719452711226248 0.5323084762362 0.593982143094333 0.583500079454078 0.573383486233161 0.605777504099867 0.607424592204176 0.613785561174284 0.601465692268773 0.594206970990788 0.5674529926904 0.521361901160842 0.569154861267965 0.571331291539513 0.523203733939668 0.492122301466844 0.54821648710054 0.58885679152779 0.531765196872742 0.584280328514935 0.608562075735917 0.588826778571274 0.569243431959083 0.597888822959617 0.546410934868142 0.595237608270628 0.548877043763401 0.584828134412293 0.56286955845249 0.530168460416384 0.526213384824963 0.61586539510417 0.565690399150088 0.543342471930981 0.581563369234167 0.563836700903855 0.574918954190673 0.512317897452787 0.609705774248141 0.530085011783462 0.566147863735681 0.566614849612004 0.493211223048093 0.545612019861626 0.535377639902471 0.559801412699675 0.581723173016891 0.570648591578438 0.594039505531037 0.544310691839629 0.523834707142612 0.528258058560846 0.56012361716636 0.531422723578706 0.571016278381308 0.523526693684622 0.53151515317624 0.539106416581523 0.569273904233919 0.550809293999876 0.597061814029738 0.558391030030007 0.50196970658138 0.573737148505938 0.542219968693604 0.548967426945921 0.518275371496916 0.550923589842276 0.54611261861836 0.58630764507554 0.554565005276289 0.568111327801458 0.512651499351355 0.541000471249616 0.62258669329031 0.510155683163277 0.538878685106621 0.542948860168307 0.576662468880634 0.555742909123313 0.540325938162697 0.618278087863062 0.554392265958594 0.554904218911076 0.555610933363468 0.546171204736506 0.732609678217912 0.538525039902625 0.584985045186034 0.517054880898334 0.517046672333952 0.50675541291252 0.48684107307039 0.504789972154813 0.561110861845876 0.525220320662877 0.523832444153036 0.565988250783408 0.532063758228143 0.539702131676309 0.529399465979646 0.498733351668357 0.531603843739165 0.531459217856112 0.534660915174582 0.52115851777951 0.527056652949244 0.522632449615239 0.58351048718609 0.601325571222443 0.573231711786665 0.579020107898405 0.57112180559482 0.711721729469925 0.663505690545955 0.726291656085008 0.695556520051014 0.591157159681321 0.521039544496279 0.615281428414591 0.612571605522245 0.61509185215209
0.747749819774402 0.719452711226248 1 0.511384746243073 0.570369795491073 0.594804954318583 0.570678730139077 0.60153524470329 0.603376111325097 0.598331068523902 0.578183408745059 0.571015165169067 0.580780359585617 0.499574197220053 0.557913528604742 0.588364847538707 0.532043292741969 0.502966750098503 0.556044049348232 0.555612989192548 0.524304212215761 0.569905577889242 0.587552429114102 0.590077763506757 0.586002783304416 0.578406609930555 0.566225199707718 0.582776980824483 0.534629981024891 0.570396329064454 0.562798151259365 0.542637880271065 0.545987049273029 0.631164599218811 0.558225261488859 0.554690757474508 0.572339161425874 0.575815887799678 0.579922421111167 0.563329540816896 0.580473790717163 0.520486101257262 0.572408961016911 0.547211730581597 0.518204225160243 0.540622977849315 0.546803929715717 0.541509485894182 0.603919529963088 0.593602553125488 0.611094228223677 0.552228715297339 0.505926604795262 0.51415000602157 0.546950011134942 0.546608014161328 0.552202637399767 0.526956746399105 0.540437500810794 0.546424965534112 0.568151530387604 0.546602310340956 0.60449083293485 0.52657269059614 0.517806965810627 0.582393694753731 0.556767524168306 0.570638100866459 0.534124996843355 0.542632843836422 0.528481738418615 0.56814973711112 0.552954651344246 0.594605573830551 0.517510344354501 0.531169580642945 0.617669895429284 0.517110569293152 0.5566878578591 0.537319316316439 0.543522760967489 0.545127488070932 0.539049315630449 0.5834545703857 0.529211272514951 0.544649852670834 0.581753941886916 0.555383029840477 0.708798812966214 0.566416988246544 0.598935590499446 0.507314525329883 0.491903288105183 0.464762814819626 0.463183648347362 0.508716217069325 0.550147017393878 0.513730652690868 0.5278257905296 0.553245064931501 0.494175641178123 0.516527229485637 0.515088105551407 0.505159618958134 0.515897603262256 0.528765603671506 0.552355285460323 0.543195967063794 0.54843062942598 0.513181693436521 0.585466523162955 0.598106370170496 0.545287404422821 0.597911044995153 0.603636056645396 0.687187705924503 0.674479140796553 0.729129462092147 0.683722874332208 0.589583833984654 0.523936532016835 0.610486325096477 0.610871211524722 0.609134298125376
0.542761892165092 0.5323084762362 0.511384746243073 0.999999999999998 0.49423400290584 0.481507377482948 0.479539261810516 0.488165024224996 0.501948393609948 0.507525004820187 0.493002547985415 0.485583664575506 0.563238598223642 0.562126209915203 0.569437878673275 0.545221249604641 0.541111428216792 0.583418323430965 0.589040448380921 0.494640426019754 0.575855764935138 0.562551577031565 0.514776895364023 0.570603392038268 0.478081354311645 0.530200709917672 0.512737886432456 0.518347632994258 0.567826563868531 0.569339664538351 0.556856563704102 0.483405517829659 0.520464670940053 0.56779940682293 0.542600597963874 0.545111294687596 0.568370257815164 0.503951070971248 0.603747525359684 0.501191168268064 0.509513257059524 0.470782152020102 0.518292255672181 0.528078355551178 0.524646616601485 0.515766141003644 0.488091201225883 0.49612138794756 0.588932029657789 0.51927226308484 0.472978614031909 0.544940136454668 0.475120624488493 0.483137915167667 0.494502385969454 0.524231984242609 0.5384023231827 0.502857185628799 0.51099745258811 0.481817736024936 0.520911275566666 0.467152049935111 0.469891682877302 0.51737832368044 0.473531249371933 0.561610559477499 0.547174107159318 0.556969510564984 0.575983381521277 0.48990798288585 0.5066247394355 0.502728357695078 0.488605511641105 0.535645549927329 0.55175225176097 0.564655083451901 0.514358595022545 0.535572541999485 0.515121305174171 0.507098037620651 0.504265001376287 0.442030167300473 0.488806566256547 0.494804558847841 0.506926455297292 0.469935831857978 0.529688937521659 0.51297594225963 0.533179546579779 0.512314212957887 0.548787779014976 0.537360033033204 0.485020917182607 0.511609357821441 0.443884911311698 0.513467851658039 0.537998440661803 0.494531967178604 0.544728174577598 0.526429199695085 0.463682024165719 0.49104403897357 0.484290536280342 0.544097314673466 0.479777930145497 0.496248762588624 0.500384543224187 0.495438381140886 0.570968767733021 0.491905656196043 0.533697931903583 0.580477313529483 0.557334753006207 0.546026012274924 0.522326710887912 0.542087096443265 0.542468777695409 0.529455146319815 0.547847632105324 0.533281121327716 0.494676664540695 0.511654198091149 0.508899181937838 0.52868745528164
0.600631099192772 0.593982143094333 0.570369795491073 0.49423400290584 0.999999999999997 0.583642473276959 0.69366552435881 0.640288526226869 0.628197240040735 0.614787613533286 0.621696095855539 0.666651743581358 0.581089848869712 0.53360790930084 0.544948782796499 0.546400811073394 0.519600103074516 0.465856737729697 0.477664353585593 0.665923088094903 0.51842789565278 0.53016368898073 0.620618467887167 0.513230541096578 0.613386697172753 0.671692212742099 0.467780664903261 0.571959088271737 0.501270414955413 0.539417081029681 0.52217755576052 0.504640761497014 0.457373186747581 0.540728781354702 0.520638605633247 0.469321197641583 0.519272044848441 0.506706455354377 0.519762290894651 0.476126919385508 0.555440104886956 0.61402062858364 0.609692296134031 0.568384824712234 0.436992440703685 0.570969746442315 0.494117945190714 0.577261377409536 0.544175912588008 0.503251551741549 0.569712020775509 0.530944117974818 0.514319282508301 0.543511787566835 0.571716069394444 0.526837484083829 0.577742883031387 0.48601890836473 0.501469718915172 0.507760373938151 0.54992239286311 0.508921611921057 0.59667553588069 0.553815840081803 0.47540745322809 0.571786099228278 0.496158104063795 0.551615127124941 0.522457601473459 0.577277373955071 0.557667881489989 0.574109723790623 0.518950715164865 0.526115564178813 0.515430187608055 0.584785075522431 0.605297313369502 0.51969391715567 0.566344129828955 0.505733945510242 0.669198234354544 0.533652168053571 0.506018481755111 0.571953565336802 0.517397158321608 0.567983794170876 0.557600073245741 0.546349124394252 0.636885354260404 0.525807854277312 0.585357199476938 0.538052313233193 0.505605810604351 0.483489464235382 0.54273144263904 0.527057126228923 0.565820063893551 0.548000292697267 0.546024799932127 0.601532238708415 0.618445245046643 0.568339607379544 0.545650553717991 0.470409262514394 0.578607827154535 0.531126299979683 0.547035061126662 0.497654109811316 0.485650309419218 0.484507272649681 0.505585410177154 0.54177805669426 0.549141448473211 0.540429830388519 0.540525173996113 0.61372194727503 0.547965755369478 0.60728508090249 0.606618526650665 0.569416378227501 0.577341011672776 0.608487010047009 0.552386351574378 0.606300745797414
0.572559688670999 0.583500079454078 0.594804954318583 0.481507377482948 0.583642473276959 0.999999999999998 0.574114883991828 0.529528340119513 0.542053608863945 0.526351378238539 0.575333906825384 0.623324603755312 0.60691885598532 0.549822712681591 0.518181349137153 0.518259362473868 0.552848963591011 0.447405408612741 0.491345131018885 0.563743732424166 0.547623745735712 0.501586309604464 0.510275649182278 0.513402894171995 0.52423023070529 0.568729943356934 0.461596660890398 0.511634286816093 0.474698218966585 0.523068405955377 0.509383922537333 0.492376650658542 0.464354988724683 0.594446522333706 0.513071169882274 0.488545371488054 0.502179794446675 0.487807530704148 0.514939144066612 0.508983045421654 0.489367554978196 0.577152797019869 0.577034839268446 0.556463549593146 0.451180491320382 0.509112140300061 0.470823956145525 0.532306181628786 0.567339036014433 0.541051501757429 0.552498247624916 0.613138002325334 0.50924185419582 0.516433296387008 0.554704199304545 0.579926329993577 0.558275057441632 0.462547216027075 0.489841752931683 0.490251396033137 0.566503469371592 0.497252039762414 0.514640998151994 0.523906819071802 0.462896843176126 0.589193334398979 0.476456864661387 0.559161044021794 0.518970771700866 0.557586447960859 0.548333059287955 0.529779663503124 0.494684465352588 0.546393089654124 0.533472889020152 0.566275211811997 0.538912368606803 0.561908424476208 0.601339329162801 0.497248788525557 0.575324219237138 0.476791414936792 0.470078263034804 0.513569282511153 0.465229451418462 0.551386466857371 0.592306776271412 0.608795894690319 0.587337367263597 0.563065990534798 0.605787026793482 0.56400802452713 0.530174947526445 0.448078550829072 0.526700120654189 0.563535362723753 0.604027438645815 0.515079342526663 0.583884710084614 0.627087725915508 0.580739738506383 0.566400112660622 0.534127739519773 0.465106851906777 0.570545751888733 0.568908337875467 0.609760768730201 0.51772920167698 0.461127415642423 0.455887805760233 0.483829936247679 0.539784532574372 0.537464083781151 0.604296337869231 0.562799275764788 0.57024324136596 0.541591265057005 0.595033477214806 0.574718384061599 0.534599534328029 0.600546488599743 0.568023195071606 0.51660912582414 0.544459367976703
0.580090118818982 0.573383486233161 0.570678730139077 0.479539261810516 0.69366552435881 0.574114883991828 0.999999999999999 0.658551658842628 0.634348255535672 0.584773857740323 0.603582211565031 0.654255640906601 0.575399680654182 0.532671507705557 0.543363332303196 0.52915381035278 0.526951672529224 0.479669119145895 0.479066653921562 0.649261576392528 0.518077405084015 0.511651208060259 0.60477038580125 0.514165349101074 0.623727569775213 0.661615129757391 0.463226801672973 0.575393317679975 0.487008768894527 0.506357757976867 0.520857154523737 0.482950874660881 0.444893927237209 0.536348944350399 0.51120682850707 0.453544960768042 0.500653911118144 0.491707999518696 0.514565872607642 0.484711440635546 0.533040524987965 0.659164485109253 0.596918655429168 0.559324566783287 0.445170741647071 0.566221519260353 0.48720058573596 0.561951779989116 0.531807785256411 0.512333813625868 0.555059062902191 0.534105059333162 0.500441439171658 0.5357945727417 0.556081693804969 0.534648861647711 0.565111472048963 0.479615587340248 0.498434172947675 0.498985784784385 0.561405866555204 0.501679705690472 0.6128946266743 0.545882621884061 0.461508900433215 0.579079569136492 0.494344031113106 0.552901805741106 0.524447501331937 0.566113645057905 0.535051689919251 0.542727950054254 0.508181322800819 0.532523220982967 0.515799766316471 0.561919323336936 0.594449874411115 0.534320650853255 0.578648398036583 0.511199478808595 0.655991861796396 0.515074381594899 0.495418895206122 0.54030129092999 0.485555866170205 0.559299941350941 0.568367588256512 0.551214650453265 0.591761887402243 0.533525097155806 0.590909642993541 0.540166691483552 0.50235199774854 0.461883265033999 0.514027873650578 0.533600406805353 0.568607675105714 0.528237576066523 0.543516216334677 0.597772333712591 0.615029168363774 0.557618367971192 0.532090911959196 0.462486011895856 0.553591238850575 0.527944567803608 0.558155382456285 0.505722743467872 0.484993077991639 0.473173093009039 0.497435410613064 0.52981476754942 0.535864254215555 0.541860866802689 0.546922381172083 0.59981195353011 0.536005321355715 0.589558245461377 0.5831604153171 0.557266883757504 0.580917699174297 0.5983643962675 0.539960733921728 0.595821202693207
0.634115665545662 0.605777504099867 0.60153524470329 0.488165024224996 0.640288526226869 0.529528340119513 0.658551658842628 1 0.703982957523473 0.654044209985695 0.574950449523369 0.613264813090533 0.550900220380622 0.472238684569613 0.578674250264786 0.57634683958513 0.496222421320203 0.470110120324937 0.507416614614275 0.596052474040991 0.497739349263043 0.548846671567534 0.666950316133158 0.571555059958946 0.663035622747815 0.598318042541312 0.52571121060958 0.664955138981421 0.523601836174805 0.570262826054263 0.581836758553003 0.494062185032994 0.513501838452737 0.561334702057111 0.531713276256528 0.499245779543659 0.547379768643366 0.555769950266042 0.534047695761149 0.493739982409881 0.575176758551192 0.604654805260936 0.569348997311773 0.521958361211508 0.468858879158898 0.576708938397745 0.506474914192861 0.537696117979536 0.547396358102022 0.526104459170507 0.577115764444497 0.498011923337615 0.475630916673387 0.506015638143192 0.545259735957237 0.512133343224108 0.548389085107735 0.503071058384451 0.510769154721921 0.517545680945195 0.541216311470185 0.503351478325322 0.619905306279673 0.52277222948131 0.487398295778448 0.554006590212481 0.565358246664981 0.542230550246936 0.50128886542043 0.527046151969974 0.504989995678558 0.567086748097894 0.522493010245195 0.557867138682974 0.488707518838309 0.523800196189193 0.627863535575451 0.496720756799907 0.529324284425172 0.516814756029804 0.600041863362452 0.537068881532019 0.511713765464517 0.609769310376904 0.524570845801191 0.536795616129302 0.547412061283046 0.521272574971781 0.646689533127488 0.51570357143788 0.567482127997766 0.505510516342314 0.453922103003788 0.468287302912088 0.484621696114963 0.489650910984178 0.522516996999795 0.508604135965418 0.501714067837043 0.535255576372371 0.54373380555127 0.49530831648099 0.499269019162672 0.477115724873445 0.512765059271792 0.490299569071274 0.519862714381194 0.514873085195538 0.52659161394529 0.513700837370126 0.560718145940291 0.581363389559584 0.543122575509926 0.529549947515728 0.567858469079495 0.612872065158185 0.575831026403882 0.602074310611162 0.613475220903508 0.607035405690016 0.496468757955839 0.596034642365557 0.601774571940125 0.620857978140262
0.626781001408401 0.607424592204176 0.603376111325097 0.501948393609948 0.628197240040735 0.542053608863945 0.634348255535672 0.703982957523473 1 0.638805183299514 0.561334418658787 0.592420073749807 0.545234015555543 0.46553308448027 0.602090010066595 0.571799788814074 0.515328165662902 0.4795296007857 0.520766883508912 0.583430440125306 0.509159584939823 0.548903383975811 0.641427031121907 0.579044258841271 0.664448870070485 0.585254905641475 0.541083097790118 0.663647937568057 0.530954162759203 0.581866988636033 0.579448303619298 0.49497274074863 0.529403790460116 0.595504402713492 0.542696512717777 0.512220682475408 0.564850836594512 0.569817564774238 0.549958123492758 0.514246589659002 0.561867898082225 0.600394253853687 0.588642206270395 0.517908473949048 0.475972369605475 0.582898967775914 0.516777929422266 0.529234170903481 0.568941373019589 0.539513941551105 0.567315420491262 0.512205017883712 0.467591576119751 0.506518024424855 0.537917762644292 0.516233047595348 0.545552911243133 0.508031296727316 0.515229999280533 0.518995218880084 0.556981181242029 0.50619921565161 0.59035048273489 0.528092314117009 0.494594473441812 0.555278141299174 0.565120513145332 0.552336665479444 0.513662687837054 0.525291850422581 0.506706264475606 0.543864111982201 0.527111355092786 0.562487302740628 0.508801437176211 0.521057071344323 0.616064829005492 0.508518713226388 0.53906992825666 0.519319904976977 0.581611037874658 0.533427907466446 0.518153382531198 0.602374953824634 0.513223572638408 0.520253167045418 0.560210505692044 0.534729800460118 0.63778029180658 0.530917160266822 0.575807978755073 0.501384813288666 0.461718773795564 0.461203477677449 0.456357620737625 0.488498411636073 0.528068806255195 0.500365405937187 0.502123369096447 0.531432681302874 0.514558538368299 0.491436284003204 0.482185997096309 0.492854200973778 0.502430219752182 0.483545464898141 0.510519555394627 0.532646598300976 0.529194918680709 0.520921067061451 0.576770779578518 0.59543558925487 0.56559481592325 0.54268554709466 0.586906872492847 0.60497313448782 0.57524380318953 0.599257644643394 0.608201207640928 0.628047075180833 0.486853547366867 0.586491009444212 0.603828561893397 0.613749030802897
0.648434383561343 0.613785561174284 0.598331068523902 0.507525004820187 0.614787613533286 0.526351378238539 0.584773857740323 0.654044209985695 0.638805183299514 1 0.610750924768489 0.592039034983941 0.543450964142358 0.472693763926977 0.57710696499404 0.568572753748214 0.500043878787658 0.470538301010099 0.540795740325773 0.600783624017042 0.49655242768871 0.56746463413739 0.63760436054546 0.580158523761251 0.616014619581617 0.635635480913639 0.55808764911054 0.639555923997047 0.555768090153874 0.576990351371816 0.602369780122092 0.510289585507194 0.51276504930596 0.58095237545624 0.523272584730622 0.529632007580403 0.561510132565411 0.583033346143962 0.543151075535589 0.492961176677726 0.566379235961656 0.522777669112744 0.561082489070034 0.524123714129588 0.471500564413608 0.547570755117439 0.504756473228508 0.529894049404479 0.564746778796495 0.548805114686165 0.597497989395589 0.500286957491816 0.49114965404244 0.503787061006463 0.535990525802249 0.507424721294947 0.550379671324463 0.518263126313799 0.496788228303036 0.516095368748648 0.540274664139422 0.527866037158331 0.594010802637978 0.52231967305836 0.516254061052108 0.557202999840707 0.541143642359697 0.54082664311815 0.493596022933576 0.515439352161695 0.500945496146948 0.551231034569432 0.522556932984719 0.544170389846355 0.488063641900592 0.524832968836597 0.629573429588204 0.476949693642212 0.517046857529273 0.516581907410181 0.58380975625344 0.535602900322063 0.523920218274978 0.582611668161809 0.557159481227619 0.505967466417389 0.543294252027908 0.501216786775088 0.642873391557286 0.525107833727161 0.559598919587853 0.492304517954789 0.458527678210901 0.465057766900762 0.46380031925347 0.478938049040529 0.51561862553336 0.509844891702296 0.500020770850227 0.525269489624431 0.50540096222376 0.483643185530214 0.504505853644619 0.470834280406125 0.505985644709262 0.48678265099512 0.509851256799067 0.517680812826933 0.515432159538914 0.523052897416542 0.571180283002039 0.59689581884904 0.525557092642072 0.549044186450101 0.560417377048542 0.620559070991097 0.586583795513643 0.609041225274458 0.633809576337491 0.611943708429773 0.489299496145365 0.604258513517044 0.624009547292942 0.636071150654297
0.601674022845555 0.601465692268773 0.578183408745059 0.493002547985415 0.621696095855539 0.575333906825384 0.603582211565031 0.574950449523369 0.561334418658787 0.610750924768489 1 0.638723827667752 0.580265014845644 0.521863747195764 0.541383274380316 0.536773003863258 0.518468099449784 0.460284077680297 0.51324029006135 0.610016929233732 0.530805922751476 0.53032091088197 0.571168335908068 0.539488977807134 0.573927642851757 0.634791938766076 0.516382561905904 0.569427536416338 0.515540564481559 0.543328852298664 0.539348965100616 0.525460607665733 0.471677784048675 0.583224265371894 0.493943027823109 0.511799035314958 0.531396689605049 0.529962204716837 0.539534600232122 0.495511301637636 0.526110561538819 0.543362808362132 0.577246706729957 0.56657731834203 0.472076281598775 0.533464708093751 0.509966745999174 0.561575404791901 0.581197303218479 0.550772685482885 0.630360378015641 0.542038142218474 0.521824891697523 0.524151027412442 0.573136336629868 0.52374059999636 0.575431493290038 0.511040289478242 0.507924568939789 0.513062072057742 0.54271217293361 0.559274422031921 0.59502859978914 0.537077673994719 0.512517553182275 0.586786479822315 0.506445152305744 0.587885993514246 0.536522933468349 0.549994715542273 0.536214054285336 0.557660953093396 0.545353601291156 0.550564989406073 0.522656573072714 0.566574089942832 0.59434057102489 0.490897204026098 0.532659174070865 0.519423008166711 0.623375863175013 0.555040601475688 0.537453276336498 0.531775982366606 0.523459823056203 0.50484857619011 0.551043465120332 0.519351788941951 0.622146339518221 0.55195431139015 0.577372045188209 0.505818835712765 0.502627308094977 0.449475802205939 0.481150499895739 0.51403879331619 0.544927645616936 0.540744219072749 0.548527640630237 0.586868407614619 0.545939973851688 0.535203875501419 0.536661198443102 0.488701967358689 0.536019403538523 0.52600205788914 0.529322989949095 0.535605816014324 0.50150780591659 0.481055186853429 0.500464882061607 0.564745941422537 0.528166465339672 0.555226480495344 0.531982776919155 0.596663719297411 0.54802680304677 0.605885553851613 0.61446165912036 0.5452714084797 0.540892346992541 0.595316962306286 0.565868343825873 0.590085334586498
0.593598830883446 0.594206970990788 0.571015165169067 0.485583664575506 0.666651743581358 0.623324603755312 0.654255640906601 0.613264813090533 0.592420073749807 0.592039034983941 0.638723827667752 1 0.616846761880509 0.531993980035592 0.544538470047995 0.516138109105723 0.515904903693543 0.43784786886218 0.501112022653816 0.642381695371043 0.539744992275673 0.518218959944247 0.603790305382492 0.509295211029101 0.578600004134915 0.637682696203818 0.467217728273208 0.560600563897792 0.500937767974294 0.528363087972927 0.53025270421867 0.496478699681516 0.446909094014954 0.550182596424773 0.509106659146282 0.466079086413405 0.511297339769285 0.487588430308149 0.506777861229625 0.481419955367308 0.530859158330717 0.604946363724278 0.582975457438902 0.576859049732951 0.43073381451038 0.53661000779685 0.465363806744609 0.571254291505408 0.537393959312119 0.540164537253769 0.639610209750202 0.551820561063785 0.51491438672599 0.540614356299043 0.566343570902062 0.563068522120287 0.579494722598451 0.47347324971607 0.493831285342331 0.49240025225434 0.57826301708817 0.510570081453572 0.630184789727146 0.555959905608635 0.470211778730257 0.594712755877341 0.485772241728557 0.560634604306785 0.523912131361068 0.575998777264797 0.565243845696111 0.561589450146347 0.492795688079747 0.522967327036472 0.529586524800988 0.570630657848463 0.654621229874677 0.529095871881787 0.572704340091104 0.505178648519779 0.671333281120378 0.523084116652038 0.487197179963973 0.554149213313909 0.500021860793146 0.578265169600553 0.584068871451199 0.566292692679833 0.630998428119598 0.543681964872579 0.614987478250885 0.557545439305893 0.506609855048888 0.465018496327434 0.552351019858539 0.560557692280257 0.589459525177488 0.547090475419712 0.567929944280528 0.640781975590578 0.61338549283342 0.573432981108231 0.555390323676056 0.453998259355877 0.588020468636575 0.547609649814133 0.596889355875099 0.503337774588808 0.474511900113284 0.46836355840212 0.504459240408517 0.535382789102844 0.539330260127077 0.568131848253163 0.563228251159987 0.607076813347573 0.556886375696653 0.605146525297715 0.616300684048751 0.575006512451354 0.632522176783107 0.659910307707441 0.606915725754788 0.64146853708231
0.58426518505328 0.5674529926904 0.580780359585617 0.563238598223642 0.581089848869712 0.60691885598532 0.575399680654182 0.550900220380622 0.545234015555543 0.543450964142358 0.580265014845644 0.616846761880509 1 0.596747593433479 0.580036151367011 0.551775390881088 0.555434308293973 0.51572565707621 0.597851140629102 0.567516408498878 0.611212150448109 0.565590910607895 0.547913662642905 0.575539064053705 0.533472317336062 0.578889690548488 0.52883223793181 0.539378805261548 0.535750466735937 0.580668777756925 0.579432496198889 0.534373045883981 0.539254290271807 0.60737103605186 0.563891763115728 0.550617759922936 0.570907393170231 0.542296124818569 0.587833733634839 0.5768047506698 0.525532847002335 0.560188083249515 0.585890452971149 0.595400129484558 0.548949293070928 0.558167082695182 0.529555431597455 0.572595750024103 0.632784136884778 0.608968768711053 0.572621344881405 0.634840613915023 0.547243199784517 0.550070982162871 0.578095792950847 0.622324318155285 0.608354779302702 0.530401776289135 0.563365109071416 0.532907391101681 0.626296631132582 0.530181024442279 0.557734247847321 0.573880100079434 0.524050928970303 0.604106828677757 0.56954594547931 0.623298812412666 0.60417283513918 0.583385400333919 0.587066373041092 0.572787439004507 0.541911152242987 0.61117160097798 0.608173619268672 0.603184161513962 0.578287842946676 0.613523396381713 0.631559507590407 0.552211010649812 0.580431117249408 0.516927625976941 0.533914577446582 0.535821400233809 0.510453946098522 0.563100321906214 0.659770942532373 0.632399262730746 0.589111011866247 0.612987301034468 0.663514426482771 0.611025141422884 0.545324914711648 0.492815676532426 0.534161590392224 0.615277200456999 0.649476498304788 0.556942663046907 0.605175258646079 0.624214288345893 0.553484838365406 0.577479908083958 0.566338646878322 0.537256364694284 0.570746689404901 0.593441845405031 0.639118134679539 0.543755798985489 0.570024334079365 0.507625007197791 0.555629088259941 0.591537279473873 0.589975260249062 0.639987697294002 0.609994966081498 0.578042403156298 0.572047729452232 0.583995471432913 0.591987956959373 0.565912384081854 0.610295751891442 0.566460057871497 0.565295856731267 0.575118209172557
0.507995718870434 0.521361901160842 0.499574197220053 0.562126209915203 0.53360790930084 0.549822712681591 0.532671507705557 0.472238684569613 0.46553308448027 0.472693763926977 0.521863747195764 0.531993980035592 0.596747593433479 1 0.494609876563639 0.517915777758487 0.550774805883861 0.505785383241048 0.54940452204001 0.545394483167315 0.609445594085841 0.530510494223621 0.489084148102509 0.529162412375582 0.451840776276093 0.547544994038482 0.449232946897579 0.473262470616295 0.482811795893134 0.529271652401421 0.520041926587999 0.496583959711385 0.472039095511565 0.528593209203477 0.540181717726588 0.474758754435822 0.512300824772409 0.475991533245441 0.557869986924889 0.496628897292236 0.496249300918073 0.54155132843882 0.538832917051916 0.576474735418084 0.484660340155595 0.521118139035868 0.470627637171172 0.545919242638448 0.566778050397262 0.522426962168784 0.469306598485094 0.63008475281622 0.508715792052373 0.538230840745658 0.527739413591167 0.568726249599757 0.572316110251924 0.484450517095264 0.513099842625247 0.479694595046489 0.548373547504126 0.486373925334272 0.460040813488588 0.559609358948526 0.472071813557295 0.561850004249578 0.521477884413823 0.571975343730899 0.601905966519865 0.544052259817239 0.550693101901586 0.530591919456427 0.496130649983481 0.542617786023963 0.602091392511046 0.621121373488348 0.483500270337562 0.619249262064474 0.611691541553463 0.514874598871443 0.538026061909213 0.448420046718321 0.475865951426069 0.475183054827441 0.494563559599594 0.526945065141603 0.562294151805797 0.557818275281754 0.525701212069332 0.543193460013165 0.569589300264269 0.602023283676017 0.552595552911515 0.483473903397118 0.554408784969174 0.608126284370785 0.600647372846352 0.535699209434058 0.61034871848387 0.615087377241312 0.562490692774753 0.576858985808857 0.539632422735198 0.522620967429981 0.565530193407621 0.5574802020708 0.594152924779142 0.476668706404703 0.517736961790138 0.464244279398701 0.482966698236391 0.525836838228975 0.554949124474073 0.574527733414279 0.533685423703825 0.519314577054652 0.506198322644096 0.517487400060523 0.514440650818934 0.469763225275931 0.558162534642046 0.508553099166618 0.468602157988713 0.486246263478944
0.595981478594597 0.569154861267965 0.557913528604742 0.569437878673275 0.544948782796499 0.518181349137153 0.543363332303196 0.578674250264786 0.602090010066595 0.57710696499404 0.541383274380316 0.544538470047995 0.580036151367011 0.494609876563639 1 0.533991434830068 0.49885123043929 0.496679652833214 0.550095809576181 0.517733574089522 0.537812360448605 0.558463705041983 0.576742191110904 0.558958517569783 0.555321544665819 0.554051314866606 0.521319785774235 0.60425943147772 0.550509103707709 0.551956437098929 0.548046323811269 0.485760549968306 0.517513899528608 0.588002221302328 0.527780746526598 0.555827250888132 0.56490785713061 0.533759474776658 0.586686574786163 0.525230783690608 0.523484271155623 0.518617599130271 0.520897185806408 0.529949043368298 0.522971009691472 0.535067902794369 0.509986996198321 0.507001079742119 0.571543252116494 0.553156405488814 0.539381830300326 0.526253872694959 0.473663348171622 0.482273582199785 0.513459340976865 0.505492619887274 0.537664048000902 0.486850360527832 0.50142410572807 0.501864701652081 0.51395174280766 0.487986424470136 0.538303367906627 0.500358348335165 0.477951746138848 0.547136922175624 0.537851695510708 0.547663056721233 0.534260306386347 0.519787038820028 0.494965467668396 0.521904015892477 0.494901297511431 0.549598666681122 0.495128575231831 0.534489657782761 0.591450808798226 0.495811507157209 0.514282826497689 0.498942350381075 0.546631856814314 0.468045911476356 0.491235969542638 0.532193393760007 0.513342993614763 0.476889228867094 0.53473168878069 0.513456388958788 0.585705216334605 0.518726941461388 0.543887623593212 0.494716167893811 0.457040749012496 0.494634033138952 0.4418532924174 0.471398259749654 0.512155340460622 0.489218191403639 0.50595071231979 0.531117798396173 0.481846827496932 0.483151000433368 0.488960742093419 0.510521049169612 0.485477099530662 0.496018970839882 0.507960934983661 0.49944305101434 0.547208291479095 0.484119787821138 0.544910535967254 0.580843565522278 0.533430698682019 0.567954460305593 0.541141206635272 0.56731376901948 0.590053679172812 0.573625885342945 0.578936404225715 0.602938275817497 0.515695941852247 0.573395131662138 0.563098132880261 0.595451471048042
0.60479355205875 0.571331291539513 0.588364847538707 0.545221249604641 0.546400811073394 0.518259362473868 0.52915381035278 0.57634683958513 0.571799788814074 0.568572753748214 0.536773003863258 0.516138109105723 0.551775390881088 0.517915777758487 0.533991434830068 1 0.570190572375965 0.532700705420524 0.578952296288991 0.51802874558429 0.544353220752422 0.559146567599108 0.55088367785 0.62898273023798 0.581805055929824 0.547979215889364 0.558335879118064 0.577227412260498 0.548901518059798 0.619985950927232 0.600808358036032 0.538279349631055 0.578063810702475 0.614798272329492 0.555679794597921 0.533117206298658 0.589405638354562 0.59229299825489 0.602023975702041 0.562902594488011 0.560495961473128 0.501163966413254 0.584840921249906 0.525811900463016 0.572411842345612 0.553854015785641 0.525139906891661 0.531321623808346 0.608116201906248 0.555149559729687 0.550979132556089 0.549569815819483 0.484271185563553 0.510507707700273 0.53632272997601 0.543071550081246 0.555741022131714 0.533607190781145 0.538328218387886 0.515851237008493 0.549282899523744 0.521794400816653 0.535113428785355 0.518606869851522 0.520563428074103 0.574671819301283 0.6213093183041 0.585424497203801 0.563710211570725 0.510730300157711 0.50252962827902 0.546840702578352 0.544398222317638 0.605279527331458 0.54064201040008 0.553751214723539 0.554281358709347 0.510038552585287 0.548632319737574 0.540645186087937 0.497346059621086 0.525294561167587 0.532908186964106 0.553333281880052 0.526815607453955 0.496452170488568 0.56373575357862 0.532723204687793 0.602383497732146 0.564899860787325 0.584036576148778 0.532807661667882 0.473644483498089 0.477253422012117 0.45100730152753 0.527142777732265 0.55215271239789 0.507410858783026 0.53880588088625 0.510073692119083 0.465364745056389 0.484409237969259 0.491906695493017 0.539182183143472 0.502566247063243 0.49471298106717 0.530680485948706 0.543933442918575 0.56712417502096 0.530705450357877 0.573404946238075 0.601876306876467 0.57161976331361 0.578432132957006 0.584430328779609 0.579203874413946 0.568725277471605 0.574276081306579 0.592274948963583 0.556157586908397 0.483707151431909 0.522491037208975 0.578850734188603 0.552444499870868
0.521520639982183 0.523203733939668 0.532043292741969 0.541111428216792 0.519600103074516 0.552848963591011 0.526951672529224 0.496222421320203 0.515328165662902 0.500043878787658 0.518468099449784 0.515904903693543 0.555434308293973 0.550774805883861 0.49885123043929 0.570190572375965 1 0.549236822552875 0.55865634444643 0.507513015094193 0.560141749422375 0.50026763050796 0.48874170676491 0.561150079646462 0.516716718219885 0.543637248231512 0.51331288231306 0.505316535389504 0.485625307667769 0.572484861220241 0.554423986870834 0.483467665894288 0.489494017465419 0.568530044044711 0.515096565804635 0.509530710401226 0.540434409587741 0.51298463825922 0.560962438098574 0.54884383937464 0.481171001170617 0.514082379596627 0.637276295013932 0.518618434890643 0.529551343487096 0.538015768992291 0.483952473372868 0.490585094170669 0.577995699035677 0.521390734539234 0.493229493373941 0.573501636673549 0.482041098803503 0.502812597428101 0.501360960812191 0.560358269762359 0.531540703172139 0.484987814667859 0.512524212598159 0.469878916739927 0.556764859542253 0.469713483724065 0.484292016778885 0.506624015063363 0.476923635203522 0.579793793193966 0.558294459978863 0.590604144977019 0.580676337406116 0.502891030600134 0.49841363950461 0.492442706459041 0.495366198796666 0.568499205492624 0.564376261983089 0.573694882528914 0.482014719060935 0.553613605608176 0.570773588947946 0.510858143374377 0.497813743725796 0.451377624822568 0.482894235816944 0.467079355421915 0.461869659747832 0.47681096380178 0.567900757804487 0.556085196798837 0.531736216972499 0.558151214193557 0.564670124092364 0.556351020753512 0.505710146744485 0.428249440774755 0.452106385090564 0.565032146177435 0.582635692264148 0.489398948611841 0.569148844498515 0.548190238939583 0.490139460228152 0.501864512299591 0.484372687500227 0.553839847771642 0.489609484755565 0.500231417965342 0.559399928137094 0.536521764374689 0.527943689936778 0.470593155916656 0.507760538828735 0.557247462340837 0.574914004873789 0.568396935472825 0.566916421870462 0.51420804869469 0.499730136021978 0.520706516849392 0.52633953807194 0.511739820050424 0.522446749002989 0.499413138603319 0.486691328477177 0.517514181099094
0.507104564210558 0.492122301466844 0.502966750098503 0.583418323430965 0.465856737729697 0.447405408612741 0.479669119145895 0.470110120324937 0.4795296007857 0.470538301010099 0.460284077680297 0.43784786886218 0.51572565707621 0.505785383241048 0.496679652833214 0.532700705420524 0.549236822552875 0.999999999999995 0.552218062937837 0.47634647505254 0.519662678486812 0.502230222411017 0.466419461206001 0.538738180422111 0.451835659503107 0.505315989262697 0.494918194898137 0.489005635369074 0.492370727988077 0.52103373977008 0.527655501555226 0.465605438189115 0.501770436895052 0.530024688699476 0.497353383839233 0.495056589543169 0.535317509778478 0.493272662373497 0.565285530542299 0.499759699252553 0.482739972810615 0.429504971244715 0.533540455866055 0.490466506166193 0.536746843755436 0.49881347144811 0.478323241073975 0.462026855180401 0.560246949566385 0.509828221153437 0.484002000032698 0.490524913802966 0.449770264823548 0.445642634223283 0.479579431333709 0.494166947550483 0.497832587554613 0.483901047102525 0.490331146804349 0.462855324773247 0.485238820719748 0.465939811803841 0.48004872987535 0.477897038863327 0.459477262504635 0.537635307837151 0.539440070713379 0.533012201784797 0.556774590048855 0.464559931187553 0.457183603345641 0.469523827371454 0.492372809371273 0.518181487453931 0.512779181220496 0.514136876857237 0.488407981831077 0.489900289108715 0.486127799574952 0.480641641667791 0.440086143386438 0.442561637891623 0.472147831713801 0.459370852903923 0.460503454715297 0.440716078472532 0.503209086360616 0.491445986997928 0.489011223412119 0.495230455861332 0.505604795914322 0.48788171011108 0.451653618438297 0.436177265166458 0.397150508595232 0.469544892917835 0.508933872360851 0.458379450719777 0.488817471079496 0.463423010987371 0.418855184762277 0.445288883772572 0.449609662769699 0.530779912547832 0.425932846233054 0.452868896362087 0.466850319456298 0.535686478350587 0.560369234146317 0.459088512830077 0.508884164284191 0.549034596948623 0.515399160312258 0.507806747377268 0.505252175519412 0.503600409822189 0.495864926659796 0.49607459367999 0.50798359891105 0.498945206812052 0.467995964713207 0.466977357370527 0.483814118869507 0.489866040174987
