0.999999999999999 0.807622098149394 0.818506141089181 0.656377843358295 0.703829585336168 0.680998060719528 0.687156360359878 0.730634375621538 0.724801316486141 0.741961585532032 0.704671358486648 0.698141720167588 0.690559961614306 0.627114037725181 0.700071197728539 0.707186514568151 0.638570223398457 0.626355882454514 0.678170834619957 0.68866393738984 0.648031292198038 0.711978114784322 0.718500981616432 0.717571350036445 0.701791104070049 0.715727012249926 0.6963488780362 0.718939487015189 0.687965417852337 0.703377626291605 0.700583628175205 0.666867605599371 0.677844945294474 0.743425754325796 0.679719089614047 0.680333221098961 0.710690969065155 0.705020768068918 0.707200908021955 0.65836837196305 0.727491841188486 0.637398757004962 0.689594290651573 0.677287116045491 0.641841729661786 0.668414525172697 0.672566948327278 0.679779652243037 0.707247657269935 0.702045904752059 0.733408265869 0.657100668799326 0.639014999484463 0.644318401432639 0.68089266287822 0.650741030848044 0.686731150515059 0.661102013584358 0.660191040147557 0.66830001625177 0.67761135884314 0.677989395173054 0.731009111513446 0.664542112356161 0.638095900501356 0.69668792585391 0.683803259088648 0.687133860885336 0.656168409886624 0.667051712350338 0.672399347724829 0.705766252693132 0.679744781803006 0.706636056596505 0.633672819086085 0.665367093085612 0.757893224264214 0.62305414460906 0.658874820865549 0.671680089249737 0.685684855809479 0.683315782589873 0.677723013163782 0.727850192872651 0.685873503983689 0.655230195838422 0.684782346590049 0.663726902776414 0.828779442517669 0.674506538431797 0.704207843086626 0.627363984045276 0.613950416738138 0.622952355954949 0.602084853898139 0.616988383694147 0.654794193892071 0.650589067786384 0.642193365718748 0.663618903390616 0.625716976416976 0.644159208962643 0.643859704813264 0.629538909890283 0.647471578317427 0.644483923442826 0.65363949635489 0.659517232129753 0.678699342220216 0.654596359685806 0.710996895829678 0.723679830287057 0.676830569640426 0.698965874288595 0.700162633851871 0.816256443106852 0.798657980437051 0.802723145571141 0.805800646705496 0.72722019934241 0.641738384531728 0.720097059090058 0.753314525352884 0.740585333491933
0.807622098149394 1 0.797037769658271 0.647641841325771 0.698452290277809 0.689936799127468 0.681672974870427 0.707978999442358 0.709304685400925 0.714413958959373 0.704503245287325 0.698634423026959 0.676807525566774 0.638436304791422 0.678205370562432 0.679991108265416 0.639989371945238 0.613546799036204 0.660915491389656 0.694294413006802 0.647186367177613 0.690572293084217 0.710219555079253 0.694270032302148 0.678278083275356 0.701614044181637 0.659415023691726 0.699469066617776 0.661464049477016 0.691018310006232 0.673036378561911 0.645846857789959 0.64252351068585 0.716080950481486 0.675358428310257 0.656861496811604 0.688358252103817 0.673832914356717 0.682930136198306 0.63078530776531 0.711138887345686 0.645776817881404 0.675734662659362 0.676118630124528 0.614481821354296 0.658750609520967 0.650212254884018 0.670506639725536 0.688488564589079 0.679431188381647 0.698498761540807 0.657667717490871 0.640521028872007 0.644242563158455 0.670772505133041 0.646899170296872 0.679732774476304 0.640261522165036 0.646976687097352 0.653328934224866 0.6783030988836 0.663067505796216 0.700945266832034 0.66934230883243 0.621979265969276 0.681962627869909 0.655926247411586 0.661539092053462 0.635829854277955 0.663162298073054 0.659166965657895 0.692222260806941 0.666179145742223 0.677348409439408 0.631068268800708 0.654909501414861 0.721456158892323 0.628949926457265 0.653138778662068 0.656533615087779 0.684356369958723 0.667153697966967 0.654346808816355 0.718012537022621 0.666036173785129 0.666459863974094 0.667044538293257 0.659215684925458 0.807051719112878 0.652843435703856 0.691146040912203 0.634797867778087 0.634790924458617 0.626058726891161 0.609002810155607 0.624384790306801 0.671586829168511 0.641687846022294 0.64051912243694 0.675603402312404 0.647436692728893 0.65382623764308 0.645201297324966 0.619213655245723 0.647051064185762 0.646929777007259 0.649612411572898 0.638264703659713 0.643232736763716 0.639507836722871 0.689945277711645 0.704390163856466 0.681548653015112 0.686282840011902 0.679819319432228 0.791127056023518 0.753800435203444 0.802250028425406 0.778702980606589 0.696161944376493 0.638164312399884 0.715613076918508 0.713440158868308 0.715461158902378
0.818506141089181 0.797037769658271 1 0.629993504636685 0.679202472429473 0.699118744159737 0.679455911071419 0.704559372918559 0.706044188201488 0.701971556845718 0.685599437579595 0.679731861482402 0.687719583421107 0.619932730915265 0.668947903898177 0.69389473879117 0.647419535057533 0.622830165937365 0.66740274662009 0.667046238770616 0.640916503792219 0.678821565057131 0.693234471176321 0.695285929158014 0.691974257114189 0.685781774789513 0.675798257033448 0.689347616797739 0.64958651644759 0.679224241274582 0.67297755093109 0.656274514081909 0.659062538746406 0.728290009248952 0.669205399812351 0.666283218938798 0.680817337719937 0.683664015584125 0.687019490820349 0.673415271779431 0.687469454892238 0.637697215772373 0.680874541119003 0.660080698795447 0.635769717215657 0.654594624950909 0.659741745254919 0.655333974785806 0.706482232005653 0.698144736330472 0.712254239420414 0.664244282240693 0.625353090045239 0.632338596090526 0.659863173390135 0.659578877350964 0.664222670753517 0.643148729342085 0.654439888970259 0.659426689532829 0.67738143330653 0.65957413539694 0.706942620893211 0.642825746043769 0.63543388306594 0.689035222278282 0.668000902570436 0.679422582745413 0.649163725838702 0.656270317465148 0.644430495539864 0.67737996025946 0.664845758525539 0.698957277925858 0.635183073676972 0.646686848533022 0.717525843354287 0.634844971615899 0.6679350477506 0.65183603491922 0.657011654339997 0.658347503369914 0.6532812573328 0.689899724939055 0.645043267036426 0.657950025582065 0.688513653880255 0.666856015942888 0.788887147647085 0.675955955583491 0.702460121326829 0.626534545449725 0.61335866153485 0.58983771371555 0.588456188251491 0.627726703578936 0.662518120296547 0.631983214362312 0.643879308047042 0.665086312702773 0.615309400487994 0.634351477301041 0.633133263979539 0.624699767534694 0.633818630998917 0.644668959149223 0.664349169985932 0.656739465728158 0.661093348005777 0.631517861463899 0.691537914474827 0.701789920285776 0.658480558071034 0.701632010505182 0.706253742576016 0.772235732227776 0.762367746605386 0.804408358766498 0.769551019340152 0.694884900159776 0.640606807664327 0.711766004881575 0.712075142158779 0.71067958825548
0.656377843358295 0.647641841325771 0.629993504636685 0.999999999999998 0.61535946528155 0.60439809009035 0.602694962147462 0.610143376640333 0.621961071251681 0.626713626462055 0.614302688489544 0.607918675748679 0.673340368863821 0.672423869446443 0.678437703290134 0.658425516957053 0.65500204033433 0.68987019553401 0.69444359627199 0.615708058705098 0.683696635167073 0.672774396994642 0.632869686512311 0.67939411039487 0.60143194580461 0.645873924446217 0.631141532961828 0.635890931311263 0.677114473170664 0.678357082079072 0.668074502142737 0.606038614281008 0.637679125845378 0.677092161494761 0.656243448256126 0.658334029363057 0.677561091242204 0.623669693624754 0.70634359424728 0.621314477851599 0.628404141376412 0.595090372601039 0.635844125397538 0.644091561519182 0.641204849425962 0.633707350300605 0.610079804447813 0.616977542546111 0.694355530199258 0.636672215768222 0.597001862901509 0.658191606347613 0.598863308912743 0.605807452214601 0.615589670281074 0.640855671680804 0.652740936068503 0.62273668676306 0.62966474393517 0.604666464046129 0.638056069360846 0.591925151492031 0.59431464419603 0.635071428720591 0.597482363579405 0.671998832480789 0.660049430469839 0.668167858107335 0.683801021088645 0.611643446695935 0.625947496979584 0.622626764113762 0.610522637367695 0.650436410768705 0.663849373405868 0.67450660002712 0.632515331635287 0.650375329700786 0.633161379262316 0.626350328390446 0.623937337700576 0.569806172556536 0.610695710526306 0.615848811920403 0.626204305537556 0.594353115159138 0.645444338991676 0.63134340625411 0.648371827001818 0.630782182257873 0.661389931731958 0.651870065831774 0.607433193602299 0.630184134453982 0.571452348687568 0.631760457168634 0.652403540238035 0.615615041122103 0.658015210797864 0.642705054247862 0.588892347698835 0.612620295042915 0.606802832695308 0.657490080203661 0.602901611779121 0.6170866732838 0.620625367811219 0.616392214255902 0.67969380842953 0.61336069591853 0.64880607493457 0.687472329376517 0.66846970809712 0.65909494224664 0.639250062478903 0.655815500813451 0.656133602479494 0.645248050010195 0.660609086979717 0.648456925832365 0.615739136542926 0.630222187667005 0.627882242288397 0.644603313850383
0.703829585336168 0.698452290277809 0.679202472429473 0.61535946528155 0.999999999999998 0.690052795153079 0.777243784043665 0.735527237574301 0.725929259482445 0.715217325111521 0.720744964597266 0.756261132109998 0.687972053056328 0.648730673016116 0.658198801415948 0.659406606173053 0.636949126711249 0.590793870469655 0.601070468965246 0.755691533526741 0.635958768000614 0.645842853132338 0.719883991612283 0.631559275911096 0.714094067934083 0.76019603933852 0.59247381043635 0.680505815341087 0.621382160688318 0.653588298457845 0.639124289870064 0.624257627104123 0.583360267090683 0.654682885133991 0.637825942269707 0.593817428114553 0.636672031416144 0.626017055020081 0.637086099003948 0.599736895997049 0.666903230818641 0.714602453975648 0.711128056439562 0.67757305540973 0.565324059702766 0.679694611132015 0.615259904982784 0.684845980834143 0.657555515781101 0.623073125874965 0.678662715923107 0.646497716888956 0.632482024208055 0.657002515354517 0.680306594102062 0.643048439945109 0.685239499650178 0.608294040537803 0.621552367068341 0.626913856812052 0.662331738363661 0.627901308853891 0.700632796557676 0.665558980391229 0.599112369938501 0.680364005636505 0.61700900069721 0.663735700291203 0.639360424610684 0.684859055927394 0.668744964268247 0.68226771075735 0.636400566613244 0.642441216289076 0.633422931039098 0.69098325668689 0.707592299053529 0.637028357030092 0.675896049545055 0.62518901085684 0.758250235157709 0.648767744143461 0.625431330647332 0.68050128805953 0.635087357015467 0.677243643864054 0.668688940069458 0.659363630070522 0.732831568050415 0.642182315557822 0.691448945034812 0.65244854891889 0.625079873395237 0.606111121144884 0.656352472863282 0.643233134713879 0.675465078588141 0.660735908492109 0.659093934015092 0.704556947173577 0.718146275079577 0.677535916939004 0.658782662976454 0.594765587082929 0.68594613413458 0.646650544046875 0.659933865359345 0.618290154584893 0.60797615865949 0.606989919535349 0.625062496767547 0.655557889156147 0.661683566338826 0.65443348949201 0.654513033215801 0.71436294461252 0.660707217857252 0.709192440812436 0.708656050162242 0.678420054550879 0.684911070360248 0.710159196696161 0.664374913099127 0.708400260496955
0.680998060719528 0.689936799127468 0.699118744159737 0.60439809009035 0.690052795153079 0.999999999999998 0.682271935750355 0.645309505761645 0.655787588194603 0.642639593474105 0.683269698518586 0.722045184009836 0.708897754364572 0.662249021268378 0.635750380511806 0.635816322735329 0.66475820593269 0.574571091505394 0.612879073944265 0.673756364250888 0.660423075364671 0.621651926229688 0.629051822133959 0.631705391998557 0.640854194777689 0.677856482347706 0.587066343945836 0.630205290305438 0.598496437793819 0.639875318853935 0.628294236943769 0.61376525814585 0.589481069233591 0.698828459634675 0.631424151898792 0.610470862821339 0.622158603486944 0.609835495604084 0.633007108189776 0.627953528948528 0.611178507497899 0.684757227523783 0.684660803298136 0.6677496113328 0.577906898410848 0.628063256609984 0.595126778866317 0.647639917878653 0.676713879686759 0.654952061963454 0.664467632670044 0.713894580613469 0.628173501705925 0.634271995496875 0.66629434303558 0.687022681266058 0.669246527853224 0.587898994754548 0.611586476535024 0.611938807898019 0.676027059446729 0.617945946480465 0.632754573696778 0.640581777572198 0.588205121170961 0.694567773554215 0.600023203812946 0.669978101362388 0.636417512246769 0.668677682396975 0.66101231348442 0.64552050444839 0.615745826358187 0.659400186098108 0.648617574131496 0.675839381197823 0.653166905927184 0.672244369490534 0.704401267245007 0.617943162776708 0.683261771880122 0.600313444629303 0.594477220544429 0.631846436877269 0.59024566868219 0.663546126729985 0.697094402090265 0.710407548027648 0.693059638873978 0.673198193898454 0.707986667158619 0.673973971687111 0.645852302392138 0.575166545013826 0.642932920309941 0.673584778690172 0.706569201419524 0.633125842869914 0.690250104467219 0.725045670023867 0.687686443177103 0.675942080262112 0.649166022440055 0.590138498936762 0.679346825829642 0.678002966968858 0.711183079705626 0.635368133632963 0.586655106037559 0.582054325794389 0.606405156231025 0.653895012531544 0.651957027498674 0.706785900750917 0.672978477354209 0.679098639745129 0.65540215982995 0.699303790369252 0.682765979155569 0.649561028916319 0.703761273807064 0.677276011464783 0.634420770492146 0.65779147812658
0.687156360359878 0.681672974870427 0.679455911071419 0.602694962147462 0.777243784043665 0.682271935750355 0.999999999999999 0.74991825043891 0.730819003772044 0.690974124399097 0.706210337782649 0.746544353318391 0.683323515290509 0.647946118791359 0.656878871605501 0.644995011282281 0.643144462795688 0.602807402355427 0.602285662854669 0.742613568240843 0.635662515069883 0.630219650241699 0.707167851401484 0.632351596900644 0.722366753568087 0.752319980688988 0.58849396016121 0.683318309128132 0.609147331210241 0.625720213293699 0.638010395438393 0.605645858166157 0.572347001040278 0.651024763352391 0.629842485808373 0.579991811894054 0.620855530629646 0.613190882185386 0.632690933948415 0.607166133538049 0.648255347213322 0.750398977607666 0.70082946951396 0.670113085337629 0.572592330478251 0.675795230615014 0.609312620895325 0.672280105067413 0.647222077621539 0.630798809160401 0.666587988282836 0.649147030899788 0.620673986063394 0.650561080598322 0.667433876346497 0.649602321563065 0.674882163392853 0.602761051655441 0.618957712167951 0.619429570990575 0.671830075887592 0.621731673855169 0.713699335650184 0.658975688376314 0.58698944218335 0.686331395302305 0.615453846442696 0.664801981449516 0.641037177569099 0.67570652333403 0.649939490876164 0.656349562819082 0.62727188933502 0.647821838991359 0.633735814429439 0.67225335290574 0.698831174645095 0.649327549039508 0.685979271308911 0.629836246939622 0.74790872942487 0.633121641606985 0.616375511372592 0.65432624406472 0.607894698175992 0.670092758440412 0.677558898654627 0.663403664171555 0.696652511215574 0.648661307001913 0.695961109033355 0.654213934049813 0.622305584164023 0.587317454585253 0.632235104102778 0.648724388831768 0.677756076286445 0.644225352844424 0.65700620377546 0.701519860234597 0.715410923688471 0.66870405565754 0.647459457314359 0.587845398261841 0.665373002742868 0.643979131380464 0.669147682601019 0.625179469986638 0.607409172187164 0.597170976732087 0.618102939145131 0.645549973591788 0.65061937117646 0.655626923105167 0.659840207143803 0.703168110930019 0.650737370722271 0.694864121596645 0.689660068352939 0.668413623071357 0.687831625018614 0.701998495764465 0.654042065846728 0.699941481029078
0.730634375621538 0.707978999442358 0.704559372918559 0.610143376640333 0.735527237574301 0.645309505761645 0.74991825043891 1 0.785190352337834 0.74637812748494 0.682955912001136 0.713996303354911 0.663142916898992 0.596358241805684 0.686000386316932 0.684098277712732 0.617064105596818 0.594504977341608 0.626621408353578 0.700128653273188 0.618363116103695 0.661438831447003 0.756494473858061 0.680174587795125 0.753432458652892 0.701961027776647 0.64210099185575 0.75493457639827 0.640324835401127 0.679114708680654 0.68858118149374 0.615212068454573 0.631789267282144 0.671771400698509 0.64714283043493 0.619651918986838 0.660220344830945 0.667176063217712 0.64909899566984 0.614935618572289 0.68314111055839 0.70707473425234 0.678364743275321 0.638939437391925 0.593414348689325 0.684394364691464 0.625819954008662 0.652150934021116 0.660234130580322 0.642431873584657 0.684726956011394 0.618596402394816 0.599306376804184 0.62542890914992 0.65845753803269 0.630628744300128 0.661058844923952 0.622919154709839 0.62947091316406 0.635212955009855 0.65508950830619 0.623158361583869 0.719313954056985 0.639625672211693 0.60948296760422 0.665716909727067 0.675085195570368 0.655935066580471 0.621397918343326 0.643223907143249 0.624555239896983 0.676506536887977 0.639390278507888 0.66890958132072 0.610610450642884 0.640491955153582 0.725663556622047 0.617490987708895 0.645138167777529 0.634594740907247 0.703353795476233 0.651626704618844 0.630272737274121 0.7111899434744 0.64114104635235 0.651398256305587 0.660247179718118 0.638360939963498 0.740585467910207 0.633654383065788 0.676831467073275 0.624998702003818 0.580324050879911 0.592915840275761 0.607088679374794 0.611422303328833 0.639410501899195 0.627631414670349 0.621761013318784 0.650110114779672 0.657187407595098 0.616280722029394 0.619671791798049 0.600594740929255 0.63116457722589 0.611980235195941 0.637170902871261 0.632951159162278 0.642841661920104 0.631957943880672 0.671262952757735 0.688195162373805 0.656678330457839 0.64532764748683 0.677140685418576 0.713681234744925 0.683676399077801 0.704994321510307 0.714165070016136 0.70899154321838 0.617275138140742 0.700114222567215 0.704752490506154 0.720075388961849
0.724801316486141 0.709304685400925 0.706044188201488 0.621961071251681 0.725929259482445 0.655787588194603 0.730819003772044 0.785190352337834 1 0.734352823484483 0.671771167031725 0.697186267553602 0.658436138448846 0.590511050184502 0.705006986895393 0.680375228313856 0.633336547508594 0.602686596530047 0.637934210485778 0.689880066737783 0.628103581281923 0.661485919400302 0.736428057484454 0.68630256155156 0.754538526674639 0.691365691924015 0.654978413113094 0.753911772452552 0.646506143589729 0.688605829958559 0.686632464572326 0.615993022382509 0.645204928483174 0.699685052175327 0.656323368765119 0.630702839266813 0.674667697357128 0.678749336224471 0.662361387393909 0.632420433291328 0.672210965026091 0.703638357446595 0.694120088466468 0.635519703390838 0.599602765233139 0.68944702796676 0.634563585879689 0.6450624962626 0.678030091461871 0.653669154838853 0.676694472488157 0.630689550371802 0.592308796732055 0.625856654014048 0.652336133907051 0.634102539302843 0.658701440079302 0.627144297213066 0.633253423520086 0.636438167230013 0.66817750414258 0.625585227166035 0.695507309365695 0.644103291257021 0.615668649158783 0.666769243800587 0.67488960238147 0.664333740216374 0.631925608930478 0.641748054813939 0.626016892544749 0.657295913310111 0.643278731509705 0.672721436483216 0.627799151484117 0.638179102238248 0.716240705122892 0.627558785735932 0.653298468189735 0.636712459998688 0.688397124808528 0.648579893640331 0.635726740466215 0.70523684469194 0.631553367927372 0.637500577095062 0.670844192622204 0.649670074102165 0.733540885801979 0.646475101470628 0.683657545885058 0.621479859896094 0.58717334012585 0.586721774242593 0.582467528233185 0.610430433793474 0.644083536947371 0.620609014389357 0.622110439350406 0.646907521621191 0.632684720871599 0.612957407267075 0.604984837870832 0.61417532867168 0.622372343811435 0.60615948830986 0.629258966065663 0.647925242854223 0.645029533528305 0.63806433245808 0.68444492623498 0.699629346574816 0.675279805481236 0.656314231934649 0.692709612779083 0.707331181961785 0.683195971760856 0.702720337439902 0.709929369159119 0.725809700340724 0.609013561096314 0.692371407586896 0.706408912188612 0.714384664099765
0.741961585532032 0.714413958959373 0.701971556845718 0.626713626462055 0.715217325111521 0.642639593474105 0.690974124399097 0.74637812748494 0.734352823484483 1 0.711978535440362 0.696877286591716 0.65695185869571 0.596754125658676 0.68471976299388 0.677727397813802 0.620334230090554 0.594877988240616 0.654738738835464 0.703952720796114 0.617346809214621 0.676817091798958 0.733401469060246 0.687212186765851 0.716200486853766 0.731840412991481 0.669091735493814 0.734947316842004 0.667174524762687 0.684624435202509 0.705232671482575 0.629063658763329 0.631164568774312 0.687859912616844 0.640047395191565 0.645396543609562 0.671916039124024 0.689556529817906 0.656702071325502 0.614267171330628 0.675924914996774 0.639630257664195 0.671563432243308 0.640764479141753 0.595715881930685 0.660379045683568 0.624356242219519 0.645616526885815 0.674582063941876 0.661404326070919 0.701298024666782 0.620541975658414 0.612711073406117 0.623529844891624 0.650724995022163 0.62662830570862 0.662711139662444 0.635819504112946 0.617548774632761 0.633986019706148 0.654304027314359 0.643913133083193 0.698475508524364 0.639244128195977 0.634120322444601 0.668360829458234 0.655028906058811 0.654764515616949 0.614812083192597 0.633430690545529 0.62110463358801 0.663417249751264 0.639444171551413 0.657550917997001 0.61005607114861 0.641361755801692 0.727024548518377 0.600450738062169 0.634791081108833 0.634397741138837 0.690189054992034 0.650400728883874 0.640593065073778 0.68921288775606 0.668324864636283 0.625387887540202 0.656821333221293 0.621336358413894 0.737571745261201 0.641593157160702 0.670339529190072 0.613703307333149 0.584374380659964 0.590095589063027 0.588995853617137 0.602174263617397 0.633582470311143 0.62868591448339 0.620314479413634 0.641729233318616 0.624905378224575 0.606243884387359 0.624142643248776 0.595135769876044 0.625403367775887 0.608952458098207 0.628691322025068 0.635327219398288 0.633424600650515 0.639862247824147 0.679867275769263 0.700810996791548 0.641971295065789 0.661602820261087 0.671014858182317 0.719836522830569 0.692446873339726 0.710604772308827 0.730391372252956 0.712936242499203 0.611119944022506 0.706755420840157 0.722591735070718 0.732185969775105
0.704671358486648 0.704503245287325 0.685599437579595 0.614302688489544 0.720744964597266 0.683269698518586 0.706210337782649 0.682955912001136 0.671771167031725 0.711978535440362 1 0.734288386885288 0.687299091828725 0.638859639465672 0.655228737077078 0.651379350960342 0.635992746365914 0.585915692814145 0.631567541216281 0.711388908336686 0.646381778077328 0.645974803299664 0.679857478282788 0.653648316254363 0.682118621664481 0.731171137738695 0.634229064476605 0.678429213827094 0.633516382825337 0.656850152783925 0.653531434532354 0.641890092855116 0.595870138428599 0.689712092021466 0.61510983809287 0.630345095134998 0.646877335945601 0.645673737508213 0.653686399528152 0.616454718171477 0.642437007548193 0.656878435212759 0.684833989364614 0.676087774614141 0.596216935053611 0.648610721144161 0.628789433566123 0.67196985098813 0.688059700462001 0.663037142902409 0.727650534520428 0.655774696231312 0.638826867243936 0.640787484820512 0.681470523845481 0.640441746997299 0.683349544005024 0.62970111055735 0.627053521690774 0.631416437849996 0.656336417147683 0.670071693396757 0.699299841109086 0.65163405446694 0.630954662581419 0.69261170978521 0.625794616964367 0.693505599527037 0.651170259102395 0.662391750603456 0.650911953487346 0.668739240019194 0.658535632092047 0.662864869084167 0.63952817368056 0.676085120426859 0.698742642065847 0.612494077239707 0.647935782324412 0.636799549764575 0.722086092955548 0.666572713120395 0.651947995290235 0.647195410919656 0.640205176221728 0.624434731777422 0.663261711133044 0.636739392494842 0.721104550150286 0.664016860098372 0.684936435027602 0.625261310393495 0.622540537242625 0.576401649457774 0.604089423565144 0.632244357471983 0.658181212012655 0.654695762668657 0.661173913872747 0.692678333923299 0.659023387609803 0.650066850432429 0.651285870617103 0.610605671777697 0.650749149626758 0.642345719934009 0.6451370807885 0.650403168263912 0.621584891125358 0.604006974439796 0.620694017786755 0.674581374812715 0.644165600798424 0.666726504001701 0.647368799141978 0.700623236829614 0.660757930623793 0.708065999394028 0.714956045424207 0.658467249562941 0.654819319317079 0.699533311452262 0.675504787272427 0.695292075421795
0.698141720167588 0.698634423026959 0.679731861482402 0.607918675748679 0.756261132109998 0.722045184009836 0.746544353318391 0.713996303354911 0.697186267553602 0.696877286591716 0.734288386885288 1 0.716866909964829 0.647378191868319 0.657857319800205 0.634022192522395 0.633824810438673 0.566086270363261 0.621246878016876 0.737183033768238 0.653862011118765 0.635782172131334 0.706378076602654 0.628218847659778 0.685939744425417 0.733463547636378 0.591982486680551 0.671165968045421 0.621098031942493 0.644330810339246 0.645917561620208 0.617283654369799 0.574131879105215 0.662547639782796 0.628058597931947 0.59098813163158 0.629919314956885 0.609646766989797 0.626077834112039 0.604322484525376 0.646426441150754 0.707309616909691 0.689509358601935 0.684517093269372 0.559733247224028 0.651243068173367 0.590363104626222 0.679927966707485 0.651898420703736 0.654212136485926 0.734990295996491 0.663905996940607 0.632986140046811 0.654587432706681 0.675895589971926 0.673200279234208 0.686670361138695 0.597431942726778 0.615013962193106 0.613785527645712 0.685664473630676 0.629301872835451 0.727510882135731 0.667333162382605 0.594593546931392 0.699044080294812 0.608081322096803 0.671194046106551 0.640586252660503 0.683813613784201 0.674991076360462 0.671981430033976 0.614125090531713 0.639790124549671 0.645358357513715 0.679416477133274 0.746831737949235 0.64494635388181 0.681116591405294 0.62471598074467 0.759916139171134 0.639888560145083 0.609309686298365 0.665834981802712 0.620315411009451 0.68566623208741 0.690400092516637 0.675853755173236 0.728157899445642 0.657144237792165 0.715377512066938 0.668643799139085 0.625934826749838 0.590061257904327 0.66434563523544 0.671130604851581 0.694783955465329 0.659979922848483 0.677199405376575 0.735917730928998 0.714093101949656 0.681713515020134 0.666862049794144 0.580391129495611 0.693614890277671 0.660411363252286 0.700805768791809 0.623146672836649 0.598334582341775 0.592982358529473 0.624102911910726 0.650216563463551 0.653515819024166 0.677365265775936 0.673331846488525 0.709024863076132 0.668099143747746 0.707470848858799 0.716429613817511 0.683001792854943 0.729368909422958 0.75098384530293 0.708895235355733 0.736460888870323
0.690559961614306 0.676807525566774 0.687719583421107 0.673340368863821 0.687972053056328 0.708897754364572 0.683323515290509 0.663142916898992 0.658436138448846 0.65695185869571 0.687299091828725 0.716866909964829 1 0.7006910905277 0.687112315183845 0.663868554328496 0.6668984357023 0.633673079527205 0.701583577868596 0.676859636076844 0.712348930603287 0.675276593041664 0.660663942646372 0.683437553789729 0.648617095245006 0.68617633743192 0.644724930099839 0.653556345701252 0.650524183424019 0.687628548929422 0.686619559140714 0.649371416793191 0.653452395235747 0.70926159745105 0.673878250647722 0.662908641582626 0.679643470345371 0.655989718347812 0.693463124729636 0.684472700388308 0.641950890257367 0.670825693288427 0.691882866771877 0.699600640539196 0.661524036322864 0.669157346674525 0.645332251924636 0.681027611089434 0.729577012605882 0.710546526155879 0.681048584368875 0.731209764633516 0.660106851917693 0.662455032805976 0.685527856620253 0.721246669853904 0.710052867734022 0.646042665721707 0.673444565785939 0.648143791604788 0.724415364845149 0.645857402701357 0.668799795106579 0.682079690901913 0.64070317117899 0.706633183032677 0.678526407283465 0.722024600145933 0.706686376635285 0.6898433734906 0.692839308574331 0.681184680346458 0.655668841537403 0.712316370144784 0.709907182237163 0.705889430240774 0.685684754550878 0.714203708703115 0.728603926990836 0.664229609935931 0.687434634493297 0.634690223716014 0.648987518588827 0.650583522854326 0.629203248627658 0.67322647333355 0.750874571951804 0.729271256285199 0.694500910684153 0.713773685297524 0.753807273066154 0.712198760292067 0.658511765881726 0.61414225247367 0.649194367428437 0.715609688979385 0.742782924623698 0.668145667887362 0.707493992467983 0.722755072072848 0.665284891240297 0.68502459146377 0.675891541227033 0.651783418559172 0.679511656631188 0.698014508206135 0.734600668492927 0.657205722019112 0.678919017999586 0.626798702794988 0.667059555033519 0.696470323123925 0.695202713770005 0.735289129330946 0.711371261683307 0.685484236200982 0.680578474771693 0.690340314502107 0.696835863173138 0.675541008040911 0.71161291577975 0.675991367394091 0.675033867270397 0.683093199219436
0.627114037725181 0.638436304791422 0.619932730915265 0.672423869446443 0.648730673016116 0.662249021268378 0.647946118791359 0.596358241805684 0.590511050184502 0.596754125658676 0.638859639465672 0.647378191868319 0.7006910905277 1 0.61568185920925 0.635525878214132 0.663038901567929 0.62523281994488 0.661901945421081 0.658569643679192 0.710929795461814 0.646133896972786 0.610934623977293 0.645002235219603 0.578489457829909 0.660357640433034 0.576187062635496 0.597248689910013 0.605525688146996 0.64509397129032 0.637322228198803 0.61737381841268 0.596184577328555 0.644524142344439 0.654226472405025 0.598549020788732 0.630770825181455 0.599619397721118 0.668911934273519 0.617412309408588 0.61708713448969 0.655368862260496 0.653100559364212 0.684202864311408 0.607122031727564 0.638230632330798 0.594955800393834 0.659006145783484 0.676252794679206 0.639334591445893 0.593804701506063 0.727431313369967 0.627726342251133 0.652597692498753 0.643806710362112 0.677853449151599 0.680798445936336 0.606940930655352 0.63144846324987 0.602829460187467 0.661045940538723 0.608600138357795 0.585702327845707 0.670348144891791 0.596213047199032 0.672196215538095 0.638534154287853 0.680519140249953 0.704858505072442 0.657452569097323 0.662971134571391 0.646202221595013 0.616985478271965 0.656257770447954 0.705008102164273 0.720285846847477 0.60612045439379 0.718789390886385 0.71273382169645 0.632952441205772 0.652426617015524 0.575468521781455 0.599510399079064 0.598917522817815 0.615642136392874 0.643138906716464 0.672562273304965 0.668869214337316 0.642092578019878 0.656737377393748 0.678561992526412 0.704953155310289 0.66454825725974 0.606097681108318 0.666049846750787 0.709869114177311 0.703842723751602 0.650481302598091 0.711655465792757 0.715457572731253 0.672724229839012 0.684517041008191 0.653768053389043 0.639498156717837 0.675226647317665 0.66858989550408 0.698590642227413 0.600206995567655 0.635374694932426 0.589384236964855 0.605659529731908 0.64220670406379 0.666497021834895 0.682609924214178 0.64879559844394 0.63670795943401 0.62558446680422 0.635163671180008 0.632584850648085 0.594202701181645 0.669153590115995 0.627588022133676 0.593190469038976 0.608490075523247
0.700071197728539 0.678205370562432 0.668947903898177 0.678437703290134 0.658198801415948 0.635750380511806 0.656878871605501 0.686000386316932 0.705006986895393 0.68471976299388 0.655228737077078 0.657857319800205 0.687112315183845 0.61568185920925 1 0.649051882212859 0.619314485717752 0.617455782438126 0.662475632754933 0.635371830581277 0.652248065834241 0.669402327481549 0.684421552423703 0.669810903788707 0.666805151135253 0.66575393653266 0.638400772388253 0.706756160565323 0.662818511157969 0.664018621991381 0.660774146299521 0.608071238614372 0.635186080032521 0.693600060742544 0.643841450135306 0.667223454430048 0.674714619805907 0.64885762027553 0.692530462536732 0.64169665323274 0.640225776724778 0.636119089301589 0.638044178848555 0.645662689847163 0.639793228563053 0.649953059482003 0.62880663600582 0.626267815566964 0.680164906480742 0.665012878846938 0.653558871040778 0.642557570864078 0.59759719388697 0.60506054694346 0.631753242694636 0.624983457321616 0.652124135306217 0.609010814535341 0.62151341508075 0.621889621755027 0.632170588816621 0.609989571495653 0.652658277982719 0.620602983394323 0.601319605541669 0.660018525867627 0.652280932600107 0.660455737840481 0.649277023960362 0.637106998171751 0.615986786270149 0.638893602832525 0.615931764012823 0.662063085295767 0.616126631736552 0.649469045335292 0.696400177711715 0.616712009665911 0.632451136238587 0.619392422296642 0.659598699120672 0.59270525044301 0.612785258877328 0.647545370639566 0.631654611721732 0.600398291640387 0.649671654745958 0.631750740270782 0.691732149006191 0.636211487886086 0.657315490486249 0.615773013465531 0.583068103823171 0.615702576153091 0.569649075342009 0.595626825127732 0.630647406205517 0.61104997934502 0.625373619964016 0.646643412679722 0.604691617334423 0.605818756529754 0.610828414186699 0.629260234599525 0.607826755527164 0.616889788347052 0.627084452883236 0.6198206018816 0.660077840630889 0.606655424280459 0.658166973981867 0.687771147829768 0.648582231835851 0.677219545818311 0.655026874747859 0.676693115301928 0.695266377137763 0.681871508196307 0.686214486029559 0.705691164534375 0.633647924229077 0.681682513479824 0.673224670205237 0.699642203319321
0.707186514568151 0.679991108265416 0.69389473879117 0.658425516957053 0.659406606173053 0.635816322735329 0.644995011282281 0.684098277712732 0.680375228313856 0.677727397813802 0.651379350960342 0.634022192522395 0.663868554328496 0.635525878214132 0.649051882212859 1 0.679055424797372 0.647970588265595 0.686227464021612 0.635621380592562 0.657703120380631 0.669966150843727 0.663129197401193 0.72655451089905 0.688555331947552 0.660718399763779 0.669296760837554 0.684818218373332 0.661484370166132 0.719378424394475 0.703972688005159 0.652638214623887 0.685501726700472 0.715225868299349 0.667101495742623 0.648319596120007 0.694740194731682 0.697083230031378 0.704953713612528 0.673063593966059 0.671079683939897 0.621291244583819 0.691028719342084 0.642185720240287 0.680876902429984 0.665590588871951 0.641620156240504 0.646814377386473 0.70986100545592 0.666662863945484 0.663208360709921 0.662039140227117 0.606786127889843 0.629248904802952 0.651002840708627 0.65663582468787 0.667152137256966 0.648730071176194 0.652679036220841 0.633779383713942 0.661800989821005 0.638801149530731 0.649991159642427 0.636110022311233 0.63776248756391 0.682727865581397 0.720436001354769 0.691503713659398 0.67372876226769 0.629437921954795 0.622457180724656 0.659772313132492 0.657740580675486 0.707577974021462 0.654610502102946 0.665505470746228 0.665944371360777 0.628850431931576 0.66126084280914 0.654613151277902 0.618026443683195 0.641750336480962 0.648144458499957 0.665159376421723 0.643030042805866 0.617260928953194 0.673749794298566 0.647989443745637 0.705243736349952 0.674708039668822 0.690373791052795 0.648060220592014 0.597580795889971 0.600714157135592 0.577754051791449 0.643305151673587 0.664181295614671 0.626616511135843 0.653077981935759 0.628880281341557 0.590363924739205 0.606905299221363 0.613361588758649 0.653392193692171 0.622488430497082 0.615770280567222 0.64627653480761 0.657353641645725 0.676537298013063 0.646297480920237 0.681690552416094 0.704834575077918 0.680227637323904 0.685802623631222 0.690694434408004 0.686432896400982 0.677852650869809 0.682403912550007 0.697068594439226 0.667496633435806 0.606299125439476 0.63938861501516 0.686144523094233 0.664423096807565
0.638570223398457 0.639989371945238 0.647419535057533 0.65500204033433 0.636949126711249 0.66475820593269 0.643144462795688 0.617064105596818 0.633336547508594 0.620334230090554 0.635992746365914 0.633824810438673 0.6668984357023 0.663038901567929 0.619314485717752 0.679055424797372 1 0.661762740743089 0.669561406955834 0.626703425935352 0.670787465459607 0.620525459131625 0.610639880171124 0.671619168575948 0.634511800144072 0.657106999431316 0.631629084381054 0.624833454853321 0.607954594286273 0.680936741737857 0.666062429419031 0.606092293683007 0.61128731960451 0.677692322571616 0.633140428644938 0.628418972015896 0.654437309948151 0.631350779981317 0.671464431032586 0.661436479855513 0.604107157223262 0.63228129205487 0.733141461541073 0.636119795575061 0.645328819546508 0.652418017615205 0.606510964785826 0.612225751819391 0.685446077069595 0.638460630759348 0.614497504021621 0.6817697474626 0.60485957755198 0.62269864279772 0.621459489821326 0.670966097616442 0.646998114060333 0.607404630610233 0.630960310971996 0.594303519707006 0.667998699949327 0.594159351876724 0.606804110750017 0.625946880365561 0.600428135538124 0.68691450045979 0.66926255270901 0.695713191488099 0.687634716671973 0.622765563588404 0.618940144351753 0.613821987364429 0.616330340230792 0.677666995974712 0.674277110654825 0.681928014527144 0.604836771779191 0.665391524249839 0.679533721191596 0.629546470027055 0.618426791575102 0.578080854064403 0.605596921075585 0.591861688473037 0.587305535294852 0.600330402388776 0.677175427706342 0.667436773080713 0.647162066965352 0.669144239716148 0.674518978513466 0.667656574595544 0.625168741176803 0.557506968799299 0.578723725774542 0.674816892701969 0.689232468024693 0.611205520335296 0.678200430926862 0.660893689406321 0.611842541736363 0.621889460096821 0.606873748694695 0.665578858207329 0.6113866634785 0.620494511946008 0.670175290130095 0.651169281514604 0.64397839362528 0.594925767627829 0.626913997075641 0.668397573428719 0.682926085633894 0.677583002216537 0.676366538071647 0.632387777353415 0.62006604552048 0.637883261263709 0.642629633663106 0.63029484694146 0.639351274533365 0.619795025709407 0.608873746470194 0.635186318136195
0.626355882454514 0.613546799036204 0.622830165937365 0.68987019553401 0.590793870469655 0.574571091505394 0.602807402355427 0.594504977341608 0.602686596530047 0.594877988240616 0.585915692814145 0.566086270363261 0.633673079527205 0.62523281994488 0.617455782438126 0.647970588265595 0.661762740743089 0.999999999999997 0.664235454369119 0.599927420831606 0.637001975027371 0.622201646888191 0.59128545378681 0.653021444917861 0.578484944396995 0.62483298959475 0.615946252775414 0.610867052697851 0.613760171596251 0.638159414111277 0.643736180827739 0.590574280861164 0.621809141610545 0.645726185518137 0.618032714277484 0.6160649142795 0.650161940210744 0.614534558201717 0.675025371727991 0.620091318145589 0.605463625708179 0.558632565990366 0.648674172185622 0.612123786054091 0.651357479076403 0.61928218845362 0.601641580263692 0.587443244080554 0.670874259657843 0.628671751726028 0.60655372778143 0.612174007769504 0.576661788106924 0.573010440466193 0.602729744941094 0.615301942623494 0.618442919855193 0.606466560161672 0.61200739036645 0.588168772266248 0.607621199746942 0.590866453837617 0.60313604348172 0.601272184162647 0.585207907172086 0.652100118670275 0.653607489994115 0.648231615347397 0.668006743320709 0.589660303872012 0.583193659606441 0.593994055007414 0.613761959146609 0.635750497429367 0.63117655336998 0.632327471124221 0.61035257688235 0.611636828730063 0.608387934602402 0.603649184479524 0.568078448431392 0.570278097961644 0.596279192639576 0.585114529580852 0.586108076484421 0.568638553936946 0.623036902019646 0.61296574537651 0.610871862108479 0.616213975070114 0.625079009110115 0.609899386258288 0.578324358208779 0.564597283318645 0.529288280224192 0.594012415917732 0.627911730707441 0.584244221044958 0.610705097054742 0.588665687483286 0.549052052272792 0.572697020628021 0.576519913164316 0.646359955780604 0.555427417502656 0.579396025793025 0.591661717750468 0.650470651832345 0.670975142807715 0.584866735150123 0.627869476413776 0.661594858900209 0.633396660319283 0.626953303654981 0.624778624054139 0.623370673115449 0.616757787834794 0.616937448445043 0.627103729371856 0.619394865383551 0.592661672680814 0.591772637999884 0.606391497608424 0.611607368389775
