0.999999999999999 0.777173804431021 0.789546285771133 0.608507897645733 0.660742428492291 0.635527844673377 0.642314162449584 0.690533033675061 0.684033224468469 0.70318163016145 0.661674907199313 0.654446931748217 0.646069562764969 0.576628579896832 0.656581504241605 0.664462277811802 0.589077496493015 0.575806161065011 0.632415989561867 0.643977152119569 0.599388772595159 0.669777402853543 0.677023291087362 0.675989889699669 0.658485121329521 0.673940391279061 0.652464469185137 0.677510828001221 0.643206542315961 0.66024185118663 0.657148581753855 0.619998200307845 0.632057441334113 0.704819150685548 0.634119825633716 0.634795863448281 0.668348991161177 0.662062026391467 0.664478234202313 0.610685765594154 0.687030126201858 0.587802660274702 0.645003740223814 0.631443781353886 0.592639905498143 0.621695433666165 0.626254837339905 0.634186488279569 0.664530060196752 0.658767209812872 0.693627275260309 0.609298614900119 0.589561629707599 0.595338977091692 0.635411794214493 0.602347027654611 0.641845237275594 0.613678614947929 0.612681013976905 0.621569773707518 0.631800465160463 0.632216363389675 0.690950923850628 0.617448072064555 0.588561268769848 0.65283930617077 0.638617751934746 0.642289348522191 0.608278822264431 0.620200159575177 0.626070711857708 0.662888081891665 0.634148105472633 0.663852091304683 0.583750751156788 0.618352559807969 0.721030552706575 0.5722266477097 0.611240068292699 0.625280630559619 0.640691596626925 0.638080635876452 0.631923297780585 0.687429434948453 0.640899576018924 0.607252778413787 0.63969674761949 0.616554495525556 0.801251690609813 0.628386264756315 0.661161420734886 0.576899751642351 0.56237473211221 0.572116349677837 0.549573440337289 0.565659472045567 0.606776050564177 0.602181068972566 0.593023003794343 0.616436128847147 0.575113238396081 0.59516543327847 0.594838949472842 0.579260191610387 0.59877800295256 0.595519429237227 0.605513771383137 0.611943290544467 0.63299752727432 0.606559755963944 0.668688451677379 0.682784622036298 0.630941608822245 0.655358560159338 0.656682685906965 0.786986492400379 0.767006286618295 0.771614655583481 0.775106178875086 0.686727461186 0.592527320855905 0.678798090987855 0.715893857481783 0.701642965194986
0.777173804431021 1 0.765170751057435 0.598963786898972 0.65479044251655 0.645381740204962 0.636271049328878 0.665340902855166 0.66681108139167 0.672481855061602 0.661488662885175 0.6549919059801 0.630916263395316 0.588931739639687 0.632453988329996 0.634419251048049 0.590622433754862 0.561938548336785 0.613474335587657 0.650193841743854 0.598466812052643 0.646083174889542 0.667825955219642 0.650166903049278 0.632533992887978 0.658289110113888 0.611831398757106 0.655915255530499 0.614075146734659 0.646575541191459 0.626770595808837 0.597005617433848 0.593382722453113 0.674333627350476 0.629322760418438 0.609036961212443 0.643639901468718 0.627645890030853 0.637655768072787 0.580613564797852 0.668846016330279 0.596929229865664 0.629736428293414 0.630158641407495 0.562949092001806 0.6111041132605 0.60176958212396 0.6239919623204 0.643783666856687 0.633802940893289 0.654841845123295 0.609919033505139 0.59120137377786 0.595256300967421 0.624283897017147 0.598153479455491 0.634134888775515 0.590918776947945 0.598238048036046 0.605174342997904 0.632561517491775 0.615831854406473 0.65754883151316 0.622713708921171 0.571062074521994 0.636590051172902 0.608013964754263 0.614157344483895 0.586095978210319 0.615935730456123 0.611559852382323 0.647904890001573 0.619243070562311 0.631511204895865 0.580920878727435 0.606902123136411 0.68030993533116 0.578620824759043 0.604966527101922 0.608678287095265 0.639227269297271 0.620312038877822 0.606286935661864 0.676480294029065 0.61908627091388 0.619550956377755 0.62019228967432 0.611613183373232 0.776526246825718 0.604643776310583 0.646716556223921 0.584973776567965 0.584966227381675 0.575483866513757 0.557031493321418 0.573668831346278 0.625178198630864 0.592472265167236 0.591199297638859 0.629592103460565 0.59873993832708 0.605717883942875 0.596301606793442 0.568067348946645 0.598319192995091 0.598186870270873 0.601114630320785 0.588744977209096 0.594155591917874 0.590098147676936 0.645391097787439 0.661363390047234 0.636134138144095 0.641350893045431 0.634230151424541 0.758480205512803 0.716438718413827 0.771078102335418 0.744446313831775 0.652257817242483 0.588635720370316 0.673813813123561 0.671400471728105 0.673645043176923
0.789546285771133 0.765170751057435 1 0.579753747340694 0.63355121692965 0.655527676638335 0.633830151510626 0.66155084302811 0.663196096432862 0.658684897737171 0.640597428776921 0.634133883827159 0.642935370168941 0.568845764884915 0.622280804567461 0.64975225573164 0.598721217255125 0.571983949040582 0.620585260818142 0.620194155087183 0.591632076466182 0.633132025471005 0.649022849440219 0.651289530511395 0.647631021344487 0.640798445835238 0.629806354098526 0.644731526381804 0.601086358620547 0.633575174986742 0.626705958911386 0.608394875895368 0.611445542899044 0.687919567558537 0.622563430471842 0.619357213120199 0.635328857880872 0.638464322284566 0.64216321581437 0.627186929323558 0.642659479233332 0.588127414974583 0.635391841204654 0.612560196697243 0.586030575036534 0.606557859408684 0.612189085260725 0.607366259513954 0.663681590951538 0.654450267688651 0.670083893081495 0.617121588354181 0.574718643937117 0.582300841352823 0.61232202983396 0.612010777615365 0.617097898696754 0.594064037967713 0.606388692909807 0.611844169676217 0.631547532040313 0.612005586246689 0.664191909425202 0.59371206056844 0.585665352859088 0.64438681246622 0.62124155019191 0.633793469284672 0.600624794268663 0.608390285695959 0.59546118121007 0.631545911642022 0.617780958473991 0.655349050395334 0.585392618396348 0.597921851904545 0.675939309529182 0.585024991029705 0.621169289911259 0.603543086326822 0.609201231253751 0.61066292679554 0.605122237183889 0.645340822675735 0.596129287463693 0.610227947962516 0.6438113468207 0.619985487157713 0.755947118730953 0.629979758160813 0.659225826085087 0.575999951965335 0.561735248510325 0.536407995491832 0.534925946590689 0.577293307856348 0.615229874895026 0.581914738197763 0.59486031775173 0.618044696731032 0.563843745116479 0.584488464745088 0.583164346515837 0.574010291694075 0.583909239326756 0.595721165088369 0.617236564120888 0.608903466046939 0.613669124164886 0.581409216322297 0.647149214229625 0.658483810811218 0.610808545432628 0.658308999029116 0.663428343845505 0.737156971732624 0.726055771384682 0.773526286111406 0.734134206071255 0.650846333946785 0.591294789437098 0.66954198161621 0.669885097950619 0.668336363366311
0.608507897645733 0.598963786898972 0.579753747340694 0.999999999999998 0.563897874528243 0.552065568494954 0.550230563807823 0.55826257437295 0.571042364637873 0.576194206252287 0.562755469221911 0.555861707115787 0.627104621541373 0.626097650826635 0.632709625478114 0.610748306317882 0.607003304328408 0.645308232351972 0.65035868081722 0.564274791216582 0.638500264650618 0.62648275120728 0.5828779153079 0.633762131957614 0.548870351503919 0.597035137518197 0.581000452370333 0.586162404805805 0.631253877813186 0.632620915672919 0.62132231004539 0.553834001543463 0.588107730442641 0.631229336073167 0.608360896664424 0.610648180775841 0.631745166194798 0.572893724742083 0.663527929520477 0.570341993470285 0.578028447701382 0.542048542458994 0.586111499193586 0.595091689692983 0.591946137234632 0.583788283773053 0.558193946234893 0.565647745093554 0.650261372015747 0.587012220926618 0.544103416313125 0.610492315643444 0.546105629667649 0.553584763995403 0.564146779411103 0.591565822493594 0.604531770844824 0.571882661578003 0.579396803831532 0.552354808106468 0.588517921823139 0.538648505020967 0.541214963967701 0.585271219971598 0.544620146319639 0.625630740536355 0.612525960383437 0.621424750633465 0.638615285882585 0.559882319145595 0.575363233767548 0.571763560620336 0.558672024718973 0.602014359442 0.616688726791794 0.628386332461316 0.582492869560468 0.601947657659111 0.583194900827644 0.575800136881833 0.573183810429458 0.514980641411018 0.558858889917705 0.564426991529899 0.575641757493856 0.541256299300106 0.596566639014647 0.581219719509631 0.59976041660303 0.580610170433678 0.613993963644196 0.603580263642671 0.555337991143852 0.579960734128406 0.516736482755329 0.581672744382767 0.60416310722524 0.564174212186416 0.610299280002797 0.593580542473929 0.535393774620326 0.560937484204078 0.554658098919472 0.609724666865192 0.550453165088365 0.565765794330966 0.569595713815374 0.565014646079689 0.634091998382205 0.561737446788509 0.600234385736429 0.642662649677395 0.621755991763042 0.611481012596604 0.589817517325472 0.607892845042874 0.608240751687125 0.596352588294745 0.613138783571747 0.599853295032906 0.564308395996963 0.580002053841721 0.57746208225541 0.595649593870644
0.660742428492291 0.65479044251655 0.63355121692965 0.563897874528243 0.999999999999998 0.645509763653866 0.742800674739229 0.695992381990477 0.685289366099919 0.673374174916755 0.679518748405735 0.719198918955456 0.643213861640163 0.600152082615612 0.610500189648608 0.611822183891697 0.587313466609569 0.537434090480644 0.548481151568077 0.718559847816419 0.586236184461353 0.597001249797219 0.678561124099718 0.581454202923884 0.672126593936381 0.723616119425311 0.539237633209489 0.634985875480908 0.570415299410079 0.60545781272591 0.589680600205539 0.573530985106246 0.529464652700231 0.60665435386703 0.588267491455385 0.540680770799998 0.587012020381656 0.57543867145417 0.587462484640094 0.547045665879535 0.620037279261178 0.672691205222276 0.668833997328573 0.631758327808111 0.510204567634895 0.634092881921961 0.563790231990667 0.639766884846089 0.609796263872507 0.57224721613933 0.632957223290609 0.59771553460072 0.582456679353178 0.609191233150296 0.634766550091636 0.593954742221545 0.640200644616109 0.556266685084328 0.570599652915648 0.576411413651949 0.615025670558364 0.577482771822842 0.657202997518502 0.618562969061423 0.546373610323044 0.634829754051118 0.56568177371633 0.616564137701545 0.589937662461705 0.639781296269203 0.622058073086601 0.636926072678087 0.586716722331948 0.593293053186077 0.583479154177457 0.64653684311591 0.664912147455375 0.587399663968117 0.629913885103717 0.57454073174146 0.721431306821104 0.600192546483423 0.574803483718202 0.63498089120641 0.585288539551108 0.631395962045979 0.621996587223841 0.611775137221513 0.692983802103691 0.593010964358424 0.647050981378909 0.604212285054519 0.574422397889815 0.553912181530715 0.608480147055732 0.59415602562169 0.629440017682546 0.613277665952732 0.611479908955917 0.661548155684989 0.676628962162711 0.631717472432558 0.611139196801092 0.541699512202961 0.64097965149396 0.597882247728593 0.612399428368911 0.567067876747649 0.555923722037435 0.554859873067816 0.574403557375961 0.607611118344944 0.614315598851274 0.606381696777712 0.60646865761588 0.67242519818045 0.613246246386515 0.666686583586779 0.666091686623366 0.632690205907627 0.639838627287229 0.667758991830035 0.61726478368565 0.665808025452315
0.635527844673377 0.645381740204962 0.655527676638335 0.552065568494954 0.645509763653866 0.999999999999998 0.636930726319635 0.59641960377653 0.607862318560657 0.593509211594152 0.638029862645325 0.680965318140438 0.66635974446626 0.614935047115579 0.586009545283219 0.586081261633979 0.617684972015701 0.520065483845374 0.561217060873086 0.627561762855028 0.612935090717994 0.570707491392967 0.578731429198123 0.581612926320726 0.591564213970716 0.632070134040423 0.53343560490879 0.5799837059497 0.54571092612557 0.590498248577985 0.577909172259332 0.562174627511423 0.536025340769978 0.655206547115091 0.581307425907752 0.558616126158182 0.571256351933732 0.557930219290958 0.583027249588977 0.577539437623549 0.559380210875297 0.639669061879949 0.639562786696266 0.620965823646594 0.523629781660907 0.577658509602428 0.542087668531781 0.598961688064034 0.630813266935496 0.606948658124184 0.617366424379717 0.671905063949128 0.577778146848365 0.584402059263568 0.619369413692937 0.642166734337335 0.622608574164012 0.534328387223923 0.559820790873747 0.560201328349809 0.630057945779386 0.56669542111849 0.582752828254706 0.591267530688917 0.534656678358529 0.650495894550707 0.547353805216521 0.623411660255467 0.58673515504413 0.621984232179826 0.613580373982873 0.596649699661642 0.564315629801773 0.611815155691451 0.600028635518892 0.629851573198786 0.604997265947115 0.625900460614056 0.661375690341576 0.566692409121465 0.638021129515319 0.547666204447352 0.541389648276338 0.581766147214395 0.536845753823633 0.616356368018058 0.653288732423714 0.668034526759702 0.648829730821781 0.626948395756345 0.66534940488819 0.627800913976882 0.597011555538287 0.520701451553834 0.593828852306578 0.627373199686329 0.663777987694832 0.583156281658205 0.645727540514562 0.684305320685194 0.642898815552629 0.629964500676609 0.600627301343221 0.536730749464062 0.633710089994177 0.632231295232617 0.668895056709659 0.585593853916796 0.53299475264461 0.528066454411508 0.554229239918826 0.605793059133503 0.603675267128611 0.664018186130678 0.626706976811512 0.633436944078034 0.607440820844808 0.655732397970949 0.637474928851233 0.601058532120025 0.66066676482693 0.631431566286024 0.584563795670105 0.610054455131758
0.642314162449584 0.636271049328878 0.633830151510626 0.550230563807823 0.742800674739229 0.636930726319635 0.999999999999999 0.712087309800371 0.69073891863815 0.64652676133372 0.663380237647376 0.708308912082114 0.638089155457439 0.599295823750988 0.609055968625916 0.596076669955064 0.594059388207643 0.550351681771031 0.549789710507255 0.703910733301178 0.585913988120999 0.579999298589031 0.664441588161654 0.582314966774728 0.681323155287203 0.714778850765972 0.534966458570044 0.638083419513576 0.557187460539706 0.575116748615556 0.588468216964154 0.553410544423212 0.517691117003656 0.602656910248319 0.579589778355463 0.525859385620983 0.569844954722063 0.561553956995239 0.582683676038112 0.555049931033565 0.599633291972607 0.712625921156595 0.657420666810483 0.623559856391011 0.517952941446284 0.629803026344232 0.557365849436944 0.625939717283803 0.598505773994912 0.580628227620245 0.619691488161325 0.600606569361484 0.569648360626909 0.602150504957436 0.620619413363416 0.601103614256789 0.628799168855013 0.550301753388341 0.567790323905424 0.568301065630848 0.625445373295894 0.570793873052569 0.671688255866495 0.611350475816552 0.533353161018508 0.641404431319472 0.563999920381596 0.617732964105936 0.591763509035944 0.629705487805592 0.601471745403962 0.608476964022428 0.576799833993915 0.599160202453336 0.583819222238169 0.625910329146557 0.65520955050544 0.600803635132088 0.641016186070025 0.579583004643725 0.709836495793598 0.583151715962079 0.564996581601005 0.606264454179404 0.55583583943874 0.62353753956439 0.631742754164412 0.616200238289255 0.652800151703502 0.600076369358027 0.65203580834965 0.606141678589309 0.57141558449622 0.533704826023226 0.582188398839132 0.600145223345482 0.631959671724355 0.595237539153606 0.609195268301325 0.658184848960794 0.673589236899536 0.622013176302868 0.598764777350799 0.534270913303387 0.618359039732808 0.594969130840013 0.622500078720708 0.574530386768445 0.555312079892233 0.544285272650157 0.56686529279844 0.596681837093051 0.60221416271295 0.607686612612764 0.612296885094748 0.660009817404606 0.602343030353599 0.650823371803865 0.645076331340478 0.621694443701811 0.64305895753186 0.658714722179593 0.605953802238827 0.656437966017106
0.690533033675061 0.665340902855166 0.66155084302811 0.55826257437295 0.695992381990477 0.59641960377653 0.712087309800371 1 0.751769285274741 0.708122836495633 0.637684164007778 0.672018025314547 0.615914491801918 0.543411383960377 0.641039466068065 0.638942845658508 0.565741382035163 0.541419473134605 0.576094173390089 0.65664508329663 0.567146830663221 0.614047524588005 0.719460745832344 0.634621228904272 0.71602609276297 0.65867324091791 0.59292236122946 0.717710700541234 0.590987721704856 0.633454628507134 0.643885848109311 0.56373851323919 0.581704041584466 0.625380924692308 0.598419311736519 0.568541760181288 0.612713101489109 0.620336574206283 0.600554132526536 0.563439641948723 0.637888193822767 0.664338361636097 0.632629345422912 0.589479377038605 0.540247774105679 0.63926914200301 0.575224913680735 0.603887113450564 0.612728196448231 0.593282873359211 0.639635697458607 0.5673992882156 0.546582368577684 0.574800857951724 0.610783351305988 0.580443537433832 0.613631335650495 0.572080373559859 0.579186372743601 0.585425110857733 0.60709894335727 0.572339580424227 0.677927208447297 0.590226438079447 0.557549705235041 0.618736150733498 0.629022368301499 0.608023610131368 0.570432366420204 0.594145969016542 0.573853608402911 0.630585229994812 0.589970163386018 0.622238743618814 0.55876683456236 0.591169712143273 0.684993432616079 0.56620318329797 0.596232768184602 0.584752931196916 0.660215458441621 0.603314409609362 0.580056943337693 0.668902673501302 0.591876641909683 0.603064863060103 0.612742484893219 0.588849715068304 0.701643115451004 0.583730712855693 0.630942595882579 0.574334389058954 0.526214814909442 0.53971233868338 0.554966390589276 0.55964348814185 0.589992180060605 0.57718991397811 0.570825653704795 0.601658050577111 0.609393511206447 0.56489406683262 0.568563273510013 0.547969002218399 0.581025481541164 0.560246074726351 0.5875547492922 0.582966449832543 0.593729404462611 0.581887284663989 0.624822489824845 0.643459981950665 0.608836589165222 0.596439386952425 0.631282710175321 0.671668156412944 0.638477967182436 0.662032724412411 0.672205444191827 0.66646376379122 0.56596966995771 0.65662911450327 0.66176479221768 0.678773989582693
0.684033224468469 0.66681108139167 0.663196096432862 0.571042364637873 0.685289366099919 0.607862318560657 0.69073891863815 0.751769285274741 1 0.694681398966754 0.625380668035629 0.653390311315965 0.610759930817003 0.537130552130524 0.662046757247517 0.63484210913075 0.583385270591523 0.550221552722758 0.588385309758521 0.645319126743579 0.577702269230518 0.614099101742068 0.696998210640015 0.6413726384247 0.717266476755582 0.646959062095001 0.60697747030049 0.71656357210974 0.597724726772098 0.643913042384429 0.641736413011327 0.564582936748296 0.596305566368884 0.656154228331061 0.608448312837806 0.580524003356793 0.628563412937124 0.633052541862732 0.615058154027267 0.582389758604517 0.625863765085007 0.660530622725942 0.650001231054398 0.585758679809724 0.546901316487396 0.64484122822506 0.584719059680194 0.596150254983776 0.632261138067105 0.605546188093537 0.630791922240778 0.580509571708845 0.5390604377236 0.575264714240744 0.604089458195631 0.584217848205832 0.611050296317892 0.576661407984373 0.583294931724434 0.586757622742588 0.621435335487118 0.574970366160583 0.651534208197538 0.595104476372385 0.564232177714281 0.619890304643883 0.628807346548276 0.6172196501233 0.581852156668303 0.592537855565872 0.575438495243263 0.609512224713952 0.594205719360685 0.626424564840349 0.577371919837658 0.588651816109095 0.674511131037155 0.577111109355039 0.605141046756212 0.587056000328552 0.64368278671264 0.599987508234459 0.585983835559957 0.662301440094942 0.581447785321531 0.587913448226663 0.624362617347306 0.601177585667816 0.693775264013585 0.597690864933557 0.638457193588383 0.570521118019584 0.533550315281405 0.533066218033665 0.528508786186758 0.558572477416968 0.595082942068317 0.569578005498546 0.571204174445431 0.598162590420448 0.582676924852275 0.561301693943318 0.552697964942991 0.562617813546115 0.571487911269473 0.553964334002337 0.578956287124806 0.59927304239536 0.596114312535354 0.58852691424558 0.639324864812918 0.656092592739331 0.629236320227499 0.608438318976234 0.648443120618911 0.664622656807597 0.637948635302028 0.6595139595314 0.667504023679368 0.685156201579273 0.557043095514605 0.64806960019443 0.663600325055214 0.672449319901991
0.70318163016145 0.672481855061602 0.658684897737171 0.576194206252287 0.673374174916755 0.593509211594152 0.64652676133372 0.708122836495633 0.694681398966754 1 0.669777869753123 0.653048669707311 0.609135814923514 0.543837029121253 0.639627769553219 0.631928121475188 0.569280467640656 0.541820300055546 0.606715419674741 0.660878819937013 0.566047204513392 0.630926784964038 0.693619690924859 0.64237573218012 0.674466443770866 0.691878094867576 0.622438670815054 0.695344977000707 0.620334886471781 0.639522703837392 0.662296816038452 0.578744277682798 0.581025472361583 0.643090160709011 0.590685613115182 0.596514517659821 0.625539796814616 0.64496206859326 0.608862559559393 0.562717080314497 0.629945625605106 0.590231430460598 0.625152501090107 0.591466504239726 0.542720841623535 0.612886877328367 0.573637884481856 0.596754417435959 0.628469282522457 0.614009730009344 0.65793928805815 0.569505413428755 0.561035555903389 0.572742158778257 0.602329514618896 0.576101655149687 0.61544136224768 0.586084721617761 0.566265701632209 0.584091188169882 0.606240166867037 0.594897188617413 0.654816124513267 0.58981105710624 0.584237179342775 0.621636508506296 0.607032679542743 0.606743602187086 0.563306095070332 0.58348758749828 0.570114724435423 0.61621512694382 0.590028835603884 0.609791233118078 0.558168325737813 0.592117047450867 0.686509478431172 0.54781398900346 0.584966397700862 0.584538759532536 0.645660156979355 0.601975393952776 0.591279823195391 0.644582855232621 0.621597041533236 0.574756376180132 0.608993024003278 0.570365691716793 0.698275537151281 0.592369115026198 0.623808476506931 0.562107678450783 0.530550795837561 0.536684703729146 0.535504805028523 0.549669732523718 0.583652551141364 0.578334263352976 0.569259082418735 0.592517351640984 0.574233206729369 0.554055336870408 0.573406345753981 0.54209733130031 0.57477316210793 0.556977154911239 0.578340132539168 0.585549362577374 0.583480968771811 0.590484016616998 0.634282939353584 0.65740022151672 0.592781059229272 0.614227150376772 0.624550031997691 0.678508332545042 0.648152943203043 0.668253350808456 0.690262066837171 0.670840988017571 0.559316970475488 0.663984400145555 0.681573527921496 0.692263558614045
0.661674907199313 0.661488662885175 0.640597428776921 0.562755469221911 0.679518748405735 0.638029862645325 0.663380237647376 0.637684164007778 0.625380668035629 0.669777869753123 1 0.694609480144213 0.642471579676553 0.589392515377332 0.607251183297866 0.603044212425789 0.586273140100068 0.53220223210319 0.581463181206753 0.669123472510122 0.597589066245387 0.59714516238741 0.634272154717737 0.605523411501884 0.636761861003841 0.691131620818658 0.584355389322759 0.632700284191822 0.583580722297788 0.609024551293913 0.605395662095024 0.592692593695086 0.542886656459017 0.645133744629869 0.563627988690689 0.580135514792408 0.598129659140669 0.596816810112987 0.605565036653261 0.565082246007065 0.593288467331448 0.609055491226497 0.639753667841134 0.630124710894286 0.543259466515021 0.600021155627963 0.578446621487926 0.625598905810851 0.643310547090203 0.615798582456128 0.687206952695539 0.607848219414744 0.589356842714532 0.591491559600633 0.636048099599958 0.591115035456317 0.638117832983839 0.579436286311308 0.576562927767462 0.58129904677504 0.608462585196906 0.623514412457952 0.655728028702119 0.603322438510514 0.580797492069594 0.648334991264936 0.575197436312508 0.649322353370548 0.602815824977175 0.615091420221863 0.602533700398867 0.622051790751822 0.610868821468588 0.615609808342156 0.590120288720724 0.630121792208642 0.65511161535372 0.560801130124848 0.599284543822695 0.587150742019309 0.681010839329863 0.61967473350697 0.603665399556577 0.598476679206645 0.590857420234698 0.573722969803174 0.616044672959362 0.587085298932312 0.679918761333953 0.616872304144374 0.639866584853941 0.574619125592846 0.571670136635005 0.522020969048294 0.551732932192344 0.582198452353124 0.610480940511669 0.606668433012954 0.613757363009602 0.648408574262445 0.611402687485112 0.601610809167413 0.602942103820829 0.558761674875509 0.602355894359529 0.593189001447678 0.59623158290535 0.601978057803078 0.570634881323772 0.551644085578579 0.569670052415646 0.62846852502298 0.595172401195315 0.619843423117968 0.598665858824025 0.657192417496728 0.613301782902536 0.665437370159208 0.673083944923814 0.610793980005847 0.606803521345364 0.655986336526402 0.629483676475646 0.651296323402929
0.654446931748217 0.6549919059801 0.634133883827159 0.555861707115787 0.719198918955456 0.680965318140438 0.708308912082114 0.672018025314547 0.653390311315965 0.653048669707311 0.694609480144213 1 0.675206977084227 0.598676107256561 0.610126502415881 0.584130508577106 0.583915956125144 0.511016289065936 0.570268778861983 0.6978413651299 0.605756986378478 0.586044120518958 0.663566148097257 0.577827357072521 0.640972606713879 0.693688962836764 0.538710064675775 0.624715978914674 0.570107574835221 0.595352504996339 0.597082730605674 0.565978882823166 0.51959646372654 0.615262218071723 0.577653454119137 0.537642597431194 0.579673194868656 0.557726503201074 0.57550458935397 0.551984088885504 0.597637785128659 0.664598749308821 0.644910012546824 0.639404399860847 0.50425662459794 0.602895351579411 0.53697177920212 0.634349745852628 0.603611240393651 0.606139713550791 0.695392954404996 0.616750789289692 0.583004463414164 0.606549996263764 0.629913379758269 0.62695068713808 0.641778202480076 0.544565920267835 0.56352433715862 0.562196532636881 0.640669126454787 0.579002864748573 0.687051342504868 0.620508920713581 0.541514643406877 0.65544507686316 0.556037179396084 0.624746814622327 0.591272404220845 0.638629161792477 0.628918898690655 0.625611624786093 0.562563515531315 0.59040548850146 0.596472875829227 0.633786749286944 0.708630632146134 0.596023615212911 0.635658359180005 0.574027868940398 0.723301776356197 0.590512665975771 0.557362682197191 0.618865630679803 0.569260091109678 0.640671065046798 0.645893094810747 0.629867378578552 0.687772338425593 0.609346281137902 0.673552120333918 0.621947046287123 0.575349492702928 0.536647864076951 0.617232689347689 0.624677142905584 0.650734782323297 0.612449856146489 0.631347300369823 0.696428368035864 0.672125521187156 0.63631569570776 0.619992105921568 0.526286580058329 0.649443088159909 0.612922265662061 0.657394435273471 0.572326913969615 0.545536805454559 0.539783779596661 0.573363279030977 0.601774286932307 0.605378594965074 0.631529747280839 0.627095256752458 0.666500718768853 0.62134934931568 0.66477749782546 0.674721037037086 0.637734709166112 0.689122122396161 0.713281296250614 0.666356950718526 0.697034873367985
0.646069562764969 0.630916263395316 0.642935370168941 0.627104621541373 0.643213861640163 0.666359744466259 0.638089155457439 0.615914491801918 0.610759930817003 0.609135814923514 0.642471579676553 0.675206977084227 1 0.657267513667892 0.642265586616576 0.616709750027764 0.620032019254065 0.583751034233686 0.658255383783948 0.630973578271416 0.670189002432159 0.629232788417881 0.613198855485568 0.638214800538694 0.60002811282394 0.641233463031028 0.595782189672422 0.605422889164601 0.602110210960196 0.642834957337961 0.641722181971571 0.600851525617674 0.605309276038536 0.66676328931288 0.627695714601691 0.615657772511367 0.634036591306163 0.608083382372893 0.64927543188117 0.639355474436136 0.592758829075227 0.624342303007051 0.647530104111636 0.656060831223834 0.614140853082354 0.622510686163647 0.596444408012486 0.63556038229524 0.689354113479989 0.668188724469627 0.63558347592117 0.691174699863667 0.612588832496819 0.615160753630945 0.640518517211601 0.680076869121878 0.667641029799676 0.59721917918345 0.627219119769546 0.599511545384114 0.683603487419932 0.597017118150997 0.622118250148171 0.636718982432955 0.591399734857614 0.663848906163361 0.632807231188669 0.680942413742024 0.663907867869771 0.645278630243297 0.648586367892414 0.635733333972275 0.607732454543568 0.670152859304643 0.667479410537029 0.663024587399719 0.640691484994882 0.672248354375807 0.688269430939079 0.617105505138934 0.642621073880575 0.584856741267016 0.600432443172426 0.602175013490583 0.578895803679005 0.626979469509179 0.713158842722366 0.689013263882239 0.650422011695812 0.671770815532463 0.71644638630391 0.670022311164235 0.610842700864784 0.562582064284623 0.600658244153907 0.673810049297562 0.704100141016939 0.621400400813198 0.664803156404916 0.681755307719244 0.618262426757551 0.639963754517021 0.629908927771318 0.603485605891985 0.633891507587363 0.654306234967945 0.694958033721597 0.60941354833242 0.633239269148442 0.576286494478007 0.620208762972578 0.652598729986112 0.651197561375213 0.695726554436419 0.669103888886902 0.640470430351967 0.635065870117101 0.645827112064346 0.653002869722054 0.629523500787412 0.669372075532809 0.630018697704557 0.628965940400059 0.637835409835348
0.576628579896832 0.588931739639687 0.568845764884915 0.626097650826635 0.600152082615612 0.614935047115579 0.599295823750988 0.543411383960377 0.537130552130524 0.543837029121253 0.589392515377332 0.598676107256561 0.657267513667892 1 0.564246461673736 0.585765394826615 0.615800509611202 0.574588233416046 0.614554818915807 0.610906046072015 0.668613993943138 0.597318686307557 0.55911685781086 0.596084546806572 0.524252624579908 0.612863438355795 0.521791679782833 0.544368844521227 0.553280990806475 0.596184575550555 0.587719393246097 0.566076423780838 0.543224679966633 0.595563277154837 0.606155385139427 0.545767495621909 0.580597836444879 0.546919215790672 0.622241326089901 0.566118064759303 0.56576629323599 0.607404409297237 0.604924759573412 0.639058100189532 0.555002363506023 0.588707896685506 0.54190392048586 0.611383814471921 0.630306179790608 0.589909538992551 0.540667098791655 0.686962683973799 0.577292915789825 0.604375248146244 0.59478118406834 0.632066797008858 0.63530805744973 0.554807037219961 0.581333833436619 0.550375442428793 0.613617202582485 0.556596964767673 0.53197357592727 0.623817936266141 0.543255286813821 0.62584756255677 0.589038238374699 0.635000545467587 0.661882247063086 0.609683624281892 0.615726250839202 0.597393210525667 0.565656329224733 0.60837656197944 0.662047992931367 0.679008065279362 0.55392224515921 0.677343942839922 0.670616266099701 0.5829678430172 0.604188321525486 0.521024019856644 0.546801916880025 0.546163960162099 0.564203509763557 0.594053333099496 0.626249701263544 0.62219443930094 0.592913194371625 0.608901181564971 0.632846388164721 0.661987113913726 0.617454808433241 0.553897689784134 0.61910126601379 0.667437179919129 0.660756981101903 0.602063382961634 0.669419299045047 0.673641059277611 0.626427633808735 0.639404342263427 0.605654286078828 0.59008760900572 0.629177877645059 0.621887889309753 0.654943477629588 0.547551625384252 0.585600988914321 0.535921453667552 0.55342528383996 0.593037536315627 0.619591712081415 0.637303022343978 0.600222950276272 0.587051104396329 0.574969541620615 0.585371520593019 0.582568406594562 0.541094688933911 0.622506562901146 0.577142831546705 0.540007300558863 0.556478203479465
0.656581504241605 0.632453988329996 0.622280804567461 0.632709625478114 0.610500189648608 0.586009545283219 0.609055968625916 0.641039466068065 0.662046757247517 0.639627769553219 0.607251183297866 0.610126502415881 0.642265586616576 0.564246461673736 1 0.600502702607234 0.568176490453577 0.566165096046926 0.615183323656896 0.585597874112266 0.603993235941978 0.62277959025007 0.639299104936834 0.623228104917193 0.619929692019158 0.618776754545096 0.588893067137212 0.663985220103628 0.615559011784839 0.616874235348963 0.613319541159479 0.55602630050699 0.585395887444629 0.649426705595789 0.594819051276893 0.620388564228987 0.628614992190312 0.600290649783331 0.64824525950306 0.592481859518276 0.5908798526005 0.586410556649964 0.588504981856101 0.59680476169346 0.590408868131108 0.601486560716927 0.578465293092855 0.575710640961107 0.634610571279049 0.61796418366283 0.605425649286169 0.593419835562606 0.54474364579974 0.552779572179629 0.581664907145684 0.574317860476394 0.603857834703482 0.55704013147922 0.570557462535645 0.570964966182097 0.582118305610219 0.558096539194935 0.604441449340847 0.569571474851607 0.548749390912143 0.612492122604285 0.604029145552713 0.612970857161886 0.600748477556469 0.587485222247635 0.564576193052443 0.589429484952511 0.564516692833633 0.614731346258366 0.564727424081083 0.600958108916689 0.652521181838263 0.565360527736506 0.582423118315679 0.568260853209327 0.612032478049088 0.539486173732361 0.561115703541387 0.598858521000944 0.581557763829201 0.547757534229856 0.601179311412348 0.581662188713002 0.647363680167843 0.586511056826727 0.609533644009486 0.564345027803552 0.529151800900325 0.5642688629093 0.514813126314083 0.542625115369279 0.580463803797909 0.559241419793782 0.574740905260693 0.597874468243373 0.552381918207287 0.553596951842188 0.559002175062254 0.578957664178862 0.555762542002836 0.565552822075461 0.576596483998516 0.56872437193639 0.612557067223707 0.554499126044016 0.610465359050041 0.642992247784342 0.599990060302068 0.631369454484326 0.607030458482295 0.630790429565488 0.651267921560645 0.636489696247792 0.641275525394594 0.662804871205067 0.583723692704089 0.636281554041625 0.626977488205044 0.656106818035953
0.664462277811802 0.634419251048049 0.64975225573164 0.610748306317882 0.611822183891697 0.586081261633979 0.596076669955064 0.638942845658508 0.63484210913075 0.631928121475188 0.603044212425789 0.584130508577106 0.616709750027764 0.585765394826615 0.600502702607234 1 0.633389384880448 0.599322526806255 0.641289834929194 0.585869253557554 0.609957771662619 0.6233985402851 0.615899457503135 0.685985833014143 0.643857328887542 0.613258491839327 0.622663712463183 0.639736285108394 0.614097404798826 0.677998898765259 0.66090093709385 0.604419526172917 0.640489711695998 0.673383665028687 0.620254772099959 0.599703411943168 0.650686424264678 0.653276379247233 0.661987732487011 0.626800499095575 0.624621221991516 0.570316830309291 0.646587032931933 0.593014673843992 0.635394441126803 0.618597629601771 0.592398526431302 0.598060974937444 0.667428184600932 0.619773616983854 0.615986208156568 0.61470511415333 0.554640083242355 0.578945365161582 0.60263296624704 0.608790092061531 0.620310326739227 0.600151425698879 0.604464131928741 0.583866579407457 0.614444226865116 0.589328849136176 0.601528161883833 0.586400694799076 0.588198441229721 0.637432943168809 0.679175077807267 0.647111452189914 0.627531429198562 0.579150557217178 0.571579824795638 0.612222551830087 0.609998761459474 0.664896265335677 0.606575217654472 0.618504293293539 0.618985592907828 0.578512829801111 0.613852573102461 0.606578113964021 0.566782521002272 0.592540341195564 0.599512273191202 0.618124805567092 0.593934693285689 0.565954298494729 0.627554542676869 0.599343103543965 0.662309076294838 0.628607758970592 0.645864063227808 0.599420342347596 0.544726009566344 0.548097553966111 0.523466384520946 0.594234513707378 0.617052545292876 0.576088861246007 0.604900086291981 0.578545229107989 0.536972659315206 0.55476860822505 0.56173841155824 0.605243479978742 0.571613681814272 0.564342072651491 0.597474268332095 0.609575385341751 0.63061906048352 0.597497115796099 0.636290407209694 0.661855734449353 0.634679628689978 0.640821431184813 0.646218003262944 0.641516351162593 0.632065918763574 0.637076095493832 0.653260196424297 0.620688265283924 0.554114903599842 0.589968352390782 0.641198385097613 0.617317603128165
0.589077496493015 0.590622433754862 0.598721217255125 0.607003304328408 0.587313466609569 0.617684972015701 0.594059388207643 0.565741382035163 0.583385270591523 0.569280467640656 0.586273140100068 0.583915956125144 0.620032019254065 0.615800509611202 0.568176490453577 0.633389384880448 1 0.614402327614896 0.622954213901277 0.576183141181565 0.624300324889064 0.569487528926316 0.558798609452209 0.625213718231672 0.584662759271275 0.609305540831894 0.581530033842217 0.574155228734351 0.555900457383607 0.635460327755577 0.619115065436759 0.553891880798136 0.559497715694737 0.631889534229547 0.583172132699988 0.578044543163749 0.6063858734317 0.581227728812148 0.625043766890029 0.614044948821322 0.551752042146109 0.582238580956786 0.693329566574793 0.586411324840182 0.596440665062689 0.604178925573457 0.554343340177579 0.560511272869673 0.640428364431049 0.588958215585677 0.562966043711001 0.636377624610364 0.552562950172102 0.571841440594225 0.570499054820109 0.624496485202874 0.59826142455258 0.555307181036595 0.580803626639658 0.541203011290576 0.621239133309078 0.541048114195817 0.554659477270294 0.575362565038727 0.547789658914993 0.642047430812256 0.622626163786503 0.651761769392005 0.642841760403537 0.571913950184287 0.567771309788414 0.562235934761085 0.56494772861279 0.631861671961986 0.628134087617161 0.636551929380213 0.552538368976445 0.618379348587314 0.63391579308757 0.579268399163664 0.567215737229077 0.523815754382682 0.553357785472291 0.538580367286668 0.533692046627651 0.547684457685905 0.631320925529264 0.620622591396488 0.598440299484666 0.622496299761404 0.628399938799739 0.620863744843982 0.574518753770379 0.501891102955478 0.524503123772054 0.628727417365018 0.644604461393156 0.559409381346096 0.632448553389181 0.61345045870278 0.560097351625168 0.570964791065875 0.554734580883937 0.618584766210137 0.55960499917478 0.569454018781209 0.623628151563142 0.602814757205782 0.594968326633941 0.541871645695204 0.576411565812525 0.621676830893628 0.637651305782603 0.631769270182945 0.630431265507373 0.582354277227696 0.568990098860817 0.58832986597624 0.593498358765167 0.580080951458584 0.589927701137833 0.568696683256462 0.556892213333369 0.585396146353713
0.575806161065011 0.561938548336785 0.571983949040582 0.645308232351972 0.537434090480644 0.520065483845374 0.550351681771031 0.541419473134605 0.550221552722758 0.541820300055546 0.53220223210319 0.511016289065936 0.583751034233686 0.574588233416046 0.566165096046926 0.599322526806255 0.614402327614896 0.999999999999996 0.617111911573788 0.547250715654404 0.587370961875934 0.571302982608267 0.537961747037426 0.604838301640146 0.524247798613056 0.574154724314829 0.564532360664878 0.559043895571784 0.562169130528571 0.588630389591629 0.59470430626898 0.537198412515882 0.570877787092828 0.596874009660708 0.566789306019782 0.56466068111682 0.601714640790154 0.563006096625494 0.628956600877629 0.569017461071913 0.55321408397012 0.503086889014033 0.600090411642988 0.560401130828854 0.603020321524657 0.568141530712845 0.549096082941359 0.533839695429107 0.624395634534655 0.578318891557032 0.554389455317964 0.560455379234332 0.522298951718341 0.5183992100312 0.550268030585786 0.563835681836959 0.567233190689059 0.554295455342087 0.560275405814596 0.534617696046531 0.55554079465915 0.537511995174971 0.550705709602081 0.548698331916304 0.531443779242203 0.603831595681034 0.605478788741183 0.599607391805347 0.621247959112761 0.536217641866492 0.529286244028479 0.540870523914567 0.56217106231528 0.586009672437298 0.581038489309661 0.582288754082714 0.558488421551121 0.559875171631677 0.55636799364387 0.551258558838915 0.51313880059057 0.515483912444087 0.543326398211587 0.531343729480242 0.532408416156817 0.513735791012011 0.572207963437825 0.561310702737406 0.559049088637962 0.564821881631761 0.574421460791156 0.557999186252986 0.524076096996333 0.509430765486763 0.472056590663235 0.540890249918508 0.577494080862877 0.530411372382467 0.558869024722258 0.535150649321768 0.492922892378839 0.518064676700661 0.522147342170691 0.597565262507512 0.499683019636414 0.525222105335159 0.538365675222868 0.602051751880818 0.624506418197176 0.531078243153563 0.577448229775283 0.61421842968403 0.583450602317881 0.576454206569209 0.574095783275815 0.572569658229464 0.565410042747197 0.565604375322496 0.576617396576152 0.568263497769207 0.539439374785458 0.538484759530208 0.554214511197075 0.559843354139827
