1 0.664360589717236 0.599223430786539 0.60484566058625 0.270555709394585 0.594404222393354 0.505739325203598 0.441629232404417 0.334200848803662 0.361968074136089 0.603297522438287 0.611884395904518 0.647355933850452 0.55059911055053 0.451066879625851 0.72679221016337 0.67023673574437 0.601720911260568 0.680140279807803 0.537435770319693 0.547186925185386 0.668557244377945 0.545115850545895 0.681168438806655 0.487333826054304 0.521559980439734 0.0715576160087562 0.246989865806168 0.605628612995937 0.507301406941439 0.533975264282547 0.690200439143177 0.701918641974788 0.288910826692402 0.668569615687396 0.533432448268447 0.574136788418783 0.626213210414551 0.0352745296567266 0.599024807111583 0.662141537293789 0.518121872322004 0.554557769043473 0.129315585764951 0.380366503223717 0.635804240543218 0.388402066529872 0.535610007281863 0.57277596049502 0.578457558053644 0.524074688675765 0.554464829755619 0.623054699495886 0.641505167122558 0.133411298241251 0.63265540701712 0.569351054097378 0.660575735275686 0.671471370148462 0.549106838318286 0.586873730491183 0.331052086346304 0.552923807635708 0.44366342248917 0.359245499332193 0.0324143405525339 0.59625692255837 0.0137992463355098 0.610691475799065 0.084936211708396 0.659404766659812 0.186751399208436 0.670006839613283 0.646121714300397 0.54986247352476 0.582357493656394 0.56342039807867 0.6208965160106 0.544442451440928 0.603409406255197 0.455737159268035 0.143415519926648 0.338461726574584 0.122047852921949 0.55727520617268 0.13053829391366 0.599181946614709 0.570171852553798 1e-05 0.00818309616924355 0.59689992028522 0.631913150566891 0.569769673973613 0.542749299429079 0.249813313354006 0.5590280448171 0.560965057191579 0.566539247188849 0.000414362510389166 0.62563895678664 0.28906168713205 0.559864678718381 0.538460879314369 0.452747661015549 0.635830458652517 0.622668205521622 0.61358571246849 0.572772879666276 0.70426023798129 0.583781819248758 0.531843905248652 0.471802221191523 0.55313852823907 0.682226627671601 0.665933687681346 0.653155536248306 0.664459312085204 0.655422029105367 0.661141236843553 0.592049747491002 0.634344623261382 0.647151301944751 0.545101478882913 0.535537335646239
0.664360589717236 1 0.590766057471714 0.594450256812389 0.265568662191414 0.581222274868454 0.495344167098908 0.435120361592579 0.330124875279741 0.3552910749506 0.586030237119091 0.59610385979972 0.632926497690884 0.533607803132751 0.442713591555397 0.703159579496739 0.656061544817334 0.584460422159764 0.664718023202327 0.520115186403469 0.533546477153709 0.659927547885936 0.533202161034657 0.668151003036878 0.477456711258875 0.508115139340921 0.0706946630908494 0.240558713517415 0.594354558090845 0.491638379254694 0.520792692957433 0.673321975852537 0.687831178581188 0.279729343020208 0.654656559058456 0.523898805494673 0.559863093743212 0.61395265871863 0.0342750700666845 0.586368578328003 0.647282967551764 0.506625293342405 0.546736894094703 0.127338470899793 0.375978464298641 0.614675551619202 0.376561991857896 0.527656278484107 0.558977299774984 0.569037693188446 0.511556492711157 0.546431748383413 0.611712376931669 0.622642905765826 0.132260696106564 0.618309875191514 0.554607651614633 0.645308876715131 0.663348804339524 0.535143662664895 0.575763098483522 0.32308852977055 0.54473369891909 0.433680929943256 0.350459722324169 0.0323660640338436 0.583205864062321 0.0135399638855865 0.599146033107976 0.0826973699487694 0.645266855883094 0.180479886335817 0.652207974308336 0.628626472662106 0.537509064200114 0.565454952007963 0.549870182167348 0.604692778804411 0.52883817343639 0.592991683788028 0.454093625117842 0.140600083339563 0.330791647232836 0.121057946884087 0.550209050851562 0.128165065460398 0.581759007650737 0.563016402374196 1e-05 0.00846869470764241 0.583281616600894 0.623098098858382 0.558564233422777 0.531838370775129 0.244922160267373 0.547491040151479 0.548429320556454 0.551973702072867 0.000408398764070491 0.611201530587093 0.286600985629587 0.546159265592181 0.528236708280296 0.444945348885693 0.618490766581706 0.603768026669552 0.604356968469536 0.562892458136182 0.692537914982989 0.56477324192154 0.518717139356866 0.46092275166025 0.538370191328955 0.670613480588536 0.647270702339018 0.640965371392971 0.643909563669736 0.642190202655087 0.647518719557995 0.578728426841435 0.612312932899738 0.636033361011205 0.534647040285764 0.525603283433901
0.599223430786539 0.590766057471714 1 0.543459866260939 0.244792021407333 0.532794622014504 0.449187035689883 0.395123350258322 0.304999353014337 0.327656881295058 0.539268497375038 0.548258228324053 0.575800754290541 0.486564687791218 0.402931959134486 0.64109308482076 0.599491300064835 0.534565360690297 0.608761863962859 0.4819188372848 0.486480225681085 0.60346698333677 0.498906759853664 0.61390523082024 0.436571481489324 0.461889638544819 0.0651391150725188 0.223909870225517 0.537240512480423 0.453948944950402 0.477633758509526 0.614477760466067 0.625270712822052 0.259746015499382 0.598363186615369 0.483608899153996 0.513703572151813 0.558819529923836 0.0322311695164121 0.537982203661279 0.591209230075907 0.465280819822382 0.499066678129514 0.11590487236424 0.344023494095161 0.562658216480387 0.354444750833136 0.481624134046188 0.511715589382451 0.518587765452387 0.469062060920986 0.494706645383746 0.555328156130195 0.575870630612158 0.121410458325185 0.570549429939715 0.510175095725523 0.589042922476412 0.602082933843034 0.490509801753341 0.533660509661673 0.300503778943863 0.49923491234519 0.399848301196545 0.320409113345226 0.0298322303982102 0.535576114835255 0.01254288344722 0.544378878858997 0.0763786117206579 0.585867645882608 0.172251401708167 0.596370809815955 0.573416383989107 0.492013304081222 0.516250849965827 0.498017000703704 0.551147058310156 0.492841238987877 0.543955110108776 0.411677162028668 0.131536275534074 0.301237101698147 0.111190435523608 0.5053980967516 0.119340963037018 0.533707137473841 0.510298000915346 1e-05 0.0079763583430599 0.53129974937586 0.561888164640745 0.512072335226776 0.487298585616374 0.226531499318805 0.503673214724731 0.503108660168935 0.501596072411595 0.000384102013832921 0.559017937981117 0.26053745848683 0.495800780263305 0.480054617442337 0.412608553517618 0.564531037013737 0.551448235981401 0.54846701433016 0.515508738135967 0.626598159178214 0.516361145156169 0.46890859885663 0.417649905466084 0.487846412936547 0.606794472279269 0.597565588735998 0.584320404263263 0.588998065752018 0.590461799990492 0.593346810348465 0.526849168826465 0.56069700883975 0.578755771191609 0.486479717263499 0.472717155461732
0.60484566058625 0.594450256812389 0.543459866260939 1 0.250773188676414 0.53862984976482 0.46163615957005 0.401639530806485 0.304158548314279 0.324599593477757 0.538039703777627 0.550151521436511 0.58029716711288 0.494121139735068 0.412442851608485 0.648078513169791 0.601672563690442 0.538196172840776 0.61540960510814 0.482291791315876 0.489835556215977 0.601965400236385 0.491905587835876 0.613811929176359 0.444623145466457 0.472022602760467 0.0668992466402097 0.231922809392158 0.540839312550949 0.458167914633671 0.484382881085551 0.616926428961755 0.629680427543315 0.26676308402321 0.61049116330084 0.480471685026135 0.517061815646907 0.56492181007787 0.0334841716911516 0.544477094178369 0.593121762604573 0.47268225620196 0.501807810322475 0.119365097537792 0.343455061921772 0.567138844264792 0.34619962988965 0.493828567594419 0.519469329332747 0.527826260370498 0.473817423109996 0.502475415593782 0.557666343378915 0.576856649031237 0.121576936326817 0.570182400707476 0.509779042339638 0.590738829166658 0.604923589634985 0.493874687561712 0.528367517126946 0.301668566500896 0.50008830371927 0.394078027212422 0.323559426926635 0.030314978112836 0.539743990477413 0.0126901189896686 0.550272719560657 0.077849667783892 0.591624352209991 0.16985853308747 0.601362656990948 0.578767933272106 0.49666663633709 0.521546688575589 0.505367218267374 0.554738306485328 0.489755809632638 0.545088553066313 0.418741486042105 0.133136719462932 0.304750121439873 0.117394509368114 0.504814937622744 0.120103365950439 0.540437720061473 0.517747787985255 1e-05 0.00784736289851882 0.531749445789538 0.562719312721587 0.513442361835731 0.487380847178843 0.226173539804192 0.508932030945363 0.500423035478281 0.506007491946185 0.000408021576767255 0.565810177659742 0.264556009580655 0.502875720626933 0.480449619864769 0.409995581043131 0.568181192920732 0.560709299136321 0.558974194684413 0.521719145168376 0.637748800966362 0.521353068663541 0.478156386917292 0.423904329564192 0.497391075226635 0.614477089048468 0.596479729430981 0.585766195146001 0.590728474658429 0.591099335823035 0.598153100638702 0.538231474276829 0.570818102777082 0.58642537221479 0.489940440519881 0.478012375662429
0.270555709394585 0.265568662191414 0.244792021407333 0.250773188676414 0.999999999999984 0.241273674033177 0.210324737495206 0.190102287513826 0.145716505253298 0.15825124260712 0.247688362669815 0.248198008249313 0.263436178321347 0.230738973425522 0.192345665676097 0.288889951255029 0.274697456796752 0.246890186217278 0.27803097135058 0.219586550957063 0.22190602146296 0.272327318793427 0.226559730053234 0.276475161684047 0.206495219367203 0.2202504011142 0.0351895246948479 0.114951001263197 0.247785673317489 0.210699904302805 0.224129238153315 0.280279075274809 0.281852800263746 0.126337129653759 0.272197528894424 0.221041052632216 0.237469877232356 0.251109840740837 0.0173119319599404 0.249666516015163 0.269097797900485 0.218385136648262 0.223431413977906 0.0583004326859043 0.163827552281588 0.25649233726771 0.166885834082924 0.224167038194623 0.236254600645476 0.239318907700592 0.215582048678523 0.23104209593273 0.255739604031652 0.260984543767806 0.0627500102080457 0.260433592428864 0.235515933204857 0.267922584582524 0.272492796435566 0.223109133163469 0.241440463535459 0.145723486302508 0.229340209918282 0.185783738488606 0.154131036632943 0.0170543340421025 0.249055868359898 0.00748076279029065 0.255451689474364 0.0403190327633838 0.270479568666742 0.0820071217977074 0.270194282939764 0.260630321052315 0.225895106564116 0.238556509673708 0.225855461877292 0.250630356519887 0.223023502497001 0.248838134202182 0.192686285807178 0.0671050643478861 0.143602182390393 0.0573825771015896 0.225104668292908 0.0636313757428365 0.243530142172236 0.234042365359422 1e-05 0.00560048129562278 0.241304492722356 0.254478803224897 0.237974445066224 0.225125224594221 0.110967623683207 0.229203094091291 0.229230816901305 0.236128600274333 0.000296205285032599 0.256042266854732 0.123489619960966 0.223862207773349 0.224801114346743 0.186404709977427 0.257414004244109 0.252435198601763 0.255219818166223 0.237950087979099 0.283190304779137 0.23905369135075 0.219467798894445 0.197039359210437 0.223299772569896 0.277919369178175 0.270539408082786 0.266395049798458 0.271995918766788 0.266401136151167 0.267190335550299 0.238655948975537 0.257807004578354 0.266090759592681 0.22952788936611 0.215868048516809
0.594404222393354 0.581222274868454 0.532794622014504 0.53862984976482 0.241273674033177 1 0.447710583012157 0.397623714031281 0.298005032041258 0.325626270824064 0.532027236130999 0.535687721802918 0.572594498820616 0.48942283984227 0.405799460978966 0.634988303679079 0.59276029884531 0.529473358542813 0.601102610535151 0.476312522605065 0.475247553558643 0.598468647942913 0.482595371206806 0.603102634197116 0.441252807206936 0.46088636250983 0.0661055233462647 0.22550792493634 0.528929357071228 0.453354359356073 0.476129423915222 0.610813295698232 0.620954044914974 0.257627883933643 0.589394645771467 0.469312140322184 0.505474007001947 0.554107979694951 0.0313275016185261 0.537026493402093 0.584016246723425 0.459180367314701 0.490231310713308 0.116076106102959 0.337292840567102 0.556131444414867 0.337132219790116 0.475683266154401 0.507723934641401 0.509564862148323 0.464382215735463 0.495381158674013 0.546609795289768 0.569924822703401 0.119986716636816 0.560273317333967 0.504927270299782 0.584064305179441 0.59620161682794 0.484206161070496 0.519677783924539 0.294608227840147 0.493214287007459 0.387845574861616 0.313108444204085 0.0301375291043028 0.533134687404609 0.0124371031082547 0.539615536875019 0.0756939590266613 0.590844686601485 0.165773282406583 0.593736441315615 0.566247953976668 0.485195371138971 0.511723260640153 0.499920912515915 0.546163683229654 0.48113051745906 0.53909863376833 0.402662501985012 0.126829445628367 0.305794274407969 0.109311697282966 0.495784943962522 0.122221821649178 0.52752714353048 0.508494017627259 1e-05 0.00787851045088084 0.527791260220584 0.560543484919946 0.503475329420144 0.487674913744406 0.222491909711264 0.494105781967025 0.494383178194534 0.499655782190063 0.00039002247443251 0.549243226895264 0.256348974559774 0.499621649446065 0.476550699293847 0.402850739419017 0.564922186250514 0.550568674392389 0.541521893261899 0.515100570778394 0.620369297658105 0.512905635713995 0.46743376033971 0.420611169694586 0.488206588024494 0.606769164660529 0.582331756456932 0.582573650290643 0.58185085096993 0.581042032630922 0.584941510985154 0.521439132619965 0.559023132048474 0.572011708887571 0.482238591621174 0.468841004275827
0.505739325203598 0.495344167098908 0.449187035689883 0.46163615957005 0.210324737495206 0.447710583012157 1 0.33733242317038 0.26467820153879 0.274586171489388 0.453427683064091 0.457209504325846 0.49038616132102 0.413934364838122 0.342774427811661 0.53988234846576 0.50525152821095 0.452250524006108 0.516556586955435 0.401533151025497 0.406895100117696 0.507836797943233 0.415226509212473 0.51646364296822 0.370800939594629 0.400185676487189 0.0572439306385768 0.19458478108065 0.461466116080201 0.389500427916149 0.40220425209047 0.516363444566889 0.531201025576914 0.222895218616832 0.506351349815761 0.4103107283078 0.430346936541302 0.469712341969745 0.0282360036711798 0.45755210655064 0.497823141379046 0.399227673915094 0.419211024870781 0.0995806852155355 0.2919010618815 0.475049446474353 0.296292145224347 0.406607815373385 0.433946763753288 0.437054240405386 0.397482659919419 0.4211864643073 0.468981098499045 0.480842154526118 0.10420863288297 0.480579484811102 0.437023971933989 0.496268506538611 0.507473605928836 0.415442734369434 0.444506180841669 0.259505263513632 0.425462786753545 0.335565037461645 0.275538393878565 0.026096221177384 0.450566149290742 0.0113498139101508 0.462724547678173 0.065285364182807 0.495699890797845 0.145888944987488 0.505588198967518 0.484805325726963 0.419015440926653 0.438311521252933 0.42628321553268 0.468835521254922 0.409753859831866 0.456563088579034 0.352106828413216 0.113013820399401 0.259721208995766 0.0977155067034219 0.422473492720967 0.10140893812676 0.448103084808171 0.435052885211337 1e-05 0.00757103168804057 0.451567353754633 0.477651153869156 0.434928342319089 0.411834201046484 0.19115582221217 0.428944352060853 0.428305743899889 0.426401987360077 0.000388020435269313 0.477176636226285 0.223929927228392 0.419384300323849 0.411592553157689 0.351121112682534 0.475530139634192 0.467917214957696 0.465992486086598 0.43256465296687 0.531012317537603 0.439784886437864 0.40309735991535 0.355626288213065 0.422257974178363 0.516431712927048 0.49582657533016 0.496064409951083 0.499173993417686 0.493315810504709 0.499258914541811 0.441972752020772 0.469777150967386 0.488874591545337 0.411544896383933 0.401682538404264
0.441629232404417 0.435120361592579 0.395123350258322 0.401639530806485 0.190102287513826 0.397623714031281 0.33733242317038 1.00000000000001 0.227825431473718 0.246533803338315 0.394401603599958 0.400675512976274 0.423194122440238 0.364458432188195 0.309274017291572 0.46949798227659 0.440029961449193 0.392419821381051 0.443939886797107 0.357872357332309 0.35382211117252 0.439641984941037 0.359604454086966 0.449841992509133 0.322302930398557 0.344464701364147 0.0506154374341017 0.171543995738571 0.391684824861898 0.3333549596334 0.350040516636059 0.448365786874907 0.457141973514273 0.197855047182475 0.438705292698565 0.35312966338058 0.379829232569479 0.409981572005242 0.0261544803757064 0.394572430948077 0.431478723658745 0.344760485709555 0.361207014818548 0.0881735993427291 0.255645509703645 0.415909163467557 0.257703097637858 0.354305055036336 0.375228342362893 0.379409132623568 0.348112529116686 0.364643468031294 0.405820919575996 0.420885938598641 0.0927920841398159 0.419381346597751 0.369342889580019 0.433857775546873 0.443408148216676 0.360357996982951 0.38208014877462 0.220842634560269 0.365553565741973 0.288828978920551 0.239493449536522 0.0240518515969337 0.396570227069332 0.0103104565784576 0.40808264266464 0.0589352794733319 0.434419283858483 0.130291354435504 0.438101145609316 0.420241702071394 0.359636408033272 0.382454372827334 0.368046250819505 0.404000080304883 0.354460771879282 0.399951053605994 0.305724647722923 0.097738186270896 0.228366689914571 0.0878870375898922 0.366048064439461 0.0902735475728581 0.395380393867273 0.374392975664066 1e-05 0.00700736342068777 0.392789337342916 0.415070515158592 0.374503996874535 0.354610187210522 0.169005824337203 0.37103373388722 0.367552928589962 0.37324329885054 0.000347366768385317 0.415855369006616 0.198480542372074 0.368866918333413 0.352375446357784 0.302702353037846 0.415317318258965 0.408482372673132 0.404410746589404 0.380134300543085 0.460502918366067 0.382897678263917 0.348900432429822 0.309107736178021 0.36550557909458 0.447046352927735 0.431099702743254 0.428265453070365 0.431992332235114 0.435189198869155 0.435412825727842 0.391057877987855 0.412276329105765 0.425610712170408 0.357359108872053 0.352457418771597
0.334200848803662 0.330124875279741 0.304999353014337 0.304158548314279 0.145716505253298 0.298005032041258 0.26467820153879 0.227825431473718 0.999999999999994 0.194508934854408 0.3038684284849 0.303236230449903 0.322177070996968 0.284094734111686 0.232038422087772 0.355957397963805 0.334192349102792 0.297283900832472 0.336926479616437 0.276061846624665 0.268415148117234 0.334928009701652 0.275088419573614 0.336078923481069 0.250129795242998 0.263199906349663 0.0413346325647143 0.137759953612081 0.303963502913001 0.257949370127854 0.274327980808752 0.339715141584386 0.348789885020808 0.152751239411773 0.331707566206135 0.271009970254075 0.29103318536341 0.315360527749739 0.0201897297092862 0.302955760321808 0.332752896924934 0.269099632293115 0.279576683165082 0.0711031289793978 0.200384159056707 0.317787461933315 0.199478212960411 0.270372616320246 0.291998205576636 0.298004199090697 0.264667634623351 0.275393603484477 0.308287735131189 0.32108435291154 0.0729834728859697 0.316289594572706 0.281784956636544 0.32717609455717 0.335003398745695 0.279984084725349 0.290713561535818 0.175196866492376 0.279562136844663 0.22383812499436 0.187734438268633 0.0198236965679142 0.297625231432133 0.00903921414536072 0.306848801211818 0.0480731775812396 0.328170515594372 0.10072236957825 0.333997887727119 0.316161846964641 0.274897922027176 0.292567569251916 0.277803051182196 0.315817335714133 0.274943736710181 0.300917642346033 0.23455174067535 0.0778180374500406 0.170931292762566 0.0684220178648224 0.281662123608302 0.0726643222515067 0.298191981053694 0.287446325679801 1e-05 0.00608756707345336 0.299942777457164 0.312280101938335 0.28612497948483 0.27210298033882 0.131383014349389 0.280488076681852 0.280648453324874 0.28257389432294 0.000314111049189285 0.314987326417047 0.149966919114027 0.275146700590939 0.272805104385631 0.234184278442126 0.315051418193858 0.309060525120532 0.303091759261416 0.286086446668724 0.35064685151655 0.2924750905206 0.269951317504817 0.243886820326498 0.275426896450691 0.336698177942972 0.327615547329662 0.326928597575771 0.331245395064884 0.325284239106599 0.330292106244427 0.295829157114261 0.314126119154315 0.326043635832491 0.273996506932568 0.264920203861489
0.361968074136089 0.3552910749506 0.327656881295058 0.324599593477757 0.15825124260712 0.325626270824064 0.274586171489388 0.246533803338315 0.194508934854408 0.999999999999997 0.327128502254443 0.32844837490038 0.348481960035105 0.299065517162845 0.254754096985692 0.384146797959214 0.36279042990867 0.322074275617912 0.36781704947148 0.28969303989738 0.293939941819266 0.358868493078391 0.296195665020188 0.367862805028785 0.265934840821644 0.286370507357718 0.0445195462553332 0.145757689289168 0.328555522007697 0.277939816349687 0.289744608472913 0.366837501111974 0.377754197248743 0.165056406956804 0.356019039764947 0.292956025055052 0.313602083879025 0.340133453552842 0.0221386431133713 0.327971582880145 0.359237412810159 0.284021224908107 0.302772567052621 0.0748999310012227 0.211009851494736 0.337380070145242 0.21348835017201 0.290328837347414 0.308742812130557 0.318471326656282 0.288421329482324 0.304063814145936 0.336282179906996 0.343900258774199 0.0773969317780819 0.34001649058794 0.307539346130569 0.353687391751847 0.359219582318504 0.296729176784226 0.318280323881982 0.19055896419203 0.301923890423862 0.244071573451776 0.196940027970211 0.020695286084486 0.322644711506146 0.00923701459983849 0.328875621644766 0.0513981040712351 0.354766778719496 0.107630484758255 0.362756599908063 0.346554884788886 0.299707074721123 0.320043838591248 0.305100912701926 0.334954998017225 0.299492023600021 0.324226372526843 0.253786835366539 0.0813065268148239 0.18635402864355 0.0727178873941794 0.301597834988124 0.0799838358209479 0.31906148884355 0.308203350139995 1e-05 0.00563260083990736 0.32444303135732 0.337121553641807 0.317936803564899 0.295115231978336 0.139035191050165 0.300694842334536 0.300659965558996 0.306512777891324 0.000322383213899977 0.337502607395402 0.165178129954946 0.297880352885325 0.295053182835057 0.249810142610174 0.345407846525007 0.331886975615529 0.332426800470192 0.314458835880059 0.378222869582944 0.312018419783608 0.287009893372822 0.253097823585737 0.301048953927536 0.36651513571438 0.357012055538662 0.35515148724051 0.358544643354864 0.349812649650484 0.358514413821866 0.316386594187726 0.338883106317172 0.350222306378466 0.295746092512048 0.290313142790849
0.603297522438287 0.586030237119091 0.539268497375038 0.538039703777627 0.247688362669815 0.532027236130999 0.453427683064091 0.394401603599958 0.3038684284849 0.327128502254443 1 0.54445801165861 0.578889799869083 0.494106383913266 0.408223325048048 0.644573291037517 0.598966641115091 0.537476850845927 0.609750142897408 0.485229577518055 0.48086264681482 0.601403843485268 0.488565990132441 0.610721627183844 0.435299160140136 0.469904803645593 0.0655313087276376 0.225932222940179 0.536009720414006 0.44950903524184 0.476362339631073 0.612281985125364 0.629346154044432 0.262649042673527 0.5977405800127 0.474232593491963 0.517123562739851 0.561271635619617 0.031987519776451 0.539993268937113 0.588137555571262 0.462661979871104 0.49116812250047 0.112831512412856 0.343582830550651 0.571865265939719 0.346090113709852 0.478635076741667 0.51260689941094 0.523911448528982 0.471583233484073 0.496688100124519 0.554397117607899 0.571892897334729 0.119181420070215 0.567844149736233 0.506768810990889 0.585774255046761 0.607197303914221 0.489987655575216 0.521504315775265 0.297786863097773 0.497691910249738 0.39422462788793 0.315901299576136 0.0295044590922814 0.535962252927513 0.0124262658472072 0.544837185373902 0.0766278362093118 0.593666237279948 0.169695815219444 0.594137655108083 0.568982829500938 0.494702889881016 0.515796820695922 0.498157259055424 0.552328569420463 0.48857118776607 0.540616948474198 0.409922547088337 0.130068222357378 0.300554172312678 0.112165510672568 0.495616484181808 0.117012773114507 0.529524710037114 0.509818568047117 1e-05 0.00792496072371249 0.529693830211473 0.560362155097838 0.513258437945959 0.489865306934609 0.227828617417964 0.499236388730242 0.498918257474561 0.500721590482404 0.00039694263365756 0.558929448743944 0.259285230795378 0.498247630441156 0.484855106105204 0.407151380505283 0.563961602630595 0.552790119484615 0.551137157585105 0.51467470948948 0.628000714211519 0.521407752729799 0.474531328820655 0.416562515700147 0.490774061022935 0.606751030389823 0.590461848209183 0.583294694238287 0.588653306263542 0.59005979423524 0.590551107528675 0.526639527414395 0.557600560717134 0.580733040371598 0.484866298224801 0.470503738930585
0.611884395904518 0.59610385979972 0.548258228324053 0.550151521436511 0.248198008249313 0.535687721802918 0.457209504325846 0.400675512976274 0.303236230449903 0.32844837490038 0.54445801165861 1 0.585562698925194 0.49389071988508 0.416593892176881 0.651697257234828 0.604899998322364 0.541859177629097 0.619262302340913 0.484538313818221 0.492279951322068 0.60599179933476 0.500335478461818 0.621858340008735 0.44746798370557 0.472964353075119 0.0665212243719902 0.225448683253769 0.545332383526374 0.461691485598621 0.486872203956219 0.622299715913634 0.634745719477193 0.261051224796724 0.604159166018414 0.487264118694609 0.522080776946087 0.571018425677647 0.0321317084484046 0.543435861193425 0.602175762132287 0.469222938287633 0.504559131772818 0.117091624585277 0.343282447669439 0.579551467976983 0.351076318048467 0.483517943829767 0.522447192596744 0.525470426950024 0.477684852657652 0.501453160274804 0.560980237292548 0.581605111454439 0.121749470989406 0.576086178885107 0.5148802499405 0.600840176186776 0.609556267114891 0.494742430781175 0.534787042677538 0.304343816082192 0.503673351032989 0.396444103212703 0.328050185448949 0.0299560247113587 0.540755843725926 0.0129870494748853 0.551442809754099 0.0785936850632061 0.598634735726484 0.172635203822384 0.607625452151466 0.576415542885522 0.496117677282469 0.529942357008243 0.50833450978316 0.562074394690976 0.499369425729307 0.547299575302806 0.413380775254324 0.130193669748609 0.309112847872058 0.112245156645671 0.503026823453924 0.120809676661415 0.537871768256832 0.52230702357828 1e-05 0.00816978274256344 0.541333574526678 0.565464294482234 0.517255703663747 0.488724800064194 0.228697640449491 0.510161000431223 0.507705626723126 0.516045810681721 0.000394145902812134 0.569287783511653 0.266431530328612 0.503844035309272 0.487893598834415 0.4132694635483 0.572396091307693 0.560174178509347 0.562959085416227 0.521960544427478 0.636042365445563 0.52446144729067 0.478191302830476 0.422924075659166 0.497038457179652 0.619379647231509 0.595894290449177 0.591081384366339 0.596191199858513 0.593868893688522 0.599133642277417 0.541428788026461 0.567992335552081 0.584008860827839 0.498483711943885 0.482318694735815
0.647355933850452 0.632926497690884 0.575800754290541 0.58029716711288 0.263436178321347 0.572594498820616 0.49038616132102 0.423194122440238 0.322177070996968 0.348481960035105 0.578889799869083 0.585562698925194 1 0.533336417028762 0.440351418207088 0.692132742471608 0.644298026664283 0.575830851519066 0.657404384790689 0.512881718263853 0.51955678082535 0.644782250894674 0.529596486939895 0.658416713435669 0.476648043862997 0.50319295590323 0.0701725482782597 0.237179819915168 0.583693683050062 0.487930235105565 0.513084471147786 0.66332818327283 0.675275487849803 0.278518376172464 0.64213192018017 0.51482553938829 0.553164653098284 0.60381553247007 0.0347412369479228 0.579317204478195 0.633754249070023 0.502021106028469 0.531524970037677 0.123640173248878 0.367398787862126 0.606430019910863 0.371200845231182 0.512915533013237 0.555228467762442 0.562318343810027 0.506561844263361 0.542456450536861 0.602102621121788 0.613901254936254 0.129843006286372 0.616184887862902 0.545000899159876 0.635954979697067 0.646108687217395 0.528094277647395 0.563735377901668 0.32012901833942 0.536454727931963 0.423476280672944 0.344684551975414 0.0314297478347093 0.576180912585611 0.0131845700132382 0.590838503848592 0.0823827373818341 0.633558780922883 0.180264559150382 0.646828733662842 0.613719837646072 0.525037108086571 0.559976784030289 0.540779625116423 0.59576497126177 0.517760422887121 0.580299504051466 0.438432469714602 0.138101325631087 0.327284044890441 0.121383981074553 0.539495809317946 0.128110262457179 0.578824648021224 0.54981836651327 1e-05 0.00832052168215525 0.568147033603275 0.603630449108599 0.550801985736375 0.527149183471932 0.242650315209606 0.538901584721901 0.536645725486688 0.544973365578784 0.000410785235412948 0.598156870633865 0.281254200591376 0.53798808434354 0.515283335071489 0.444812491995143 0.612259022885857 0.596258605062847 0.591759948764268 0.553982724410296 0.680496106546327 0.555889886091032 0.510267970553433 0.450828171067358 0.527721126842775 0.652675184621959 0.63848653012247 0.634997914370193 0.632103645438244 0.63559225294419 0.640190864872113 0.568107318176024 0.604252472520221 0.624910801015747 0.522041190466163 0.507809370015697
0.55059911055053 0.533607803132751 0.486564687791218 0.494121139735068 0.230738973425522 0.48942283984227 0.413934364838122 0.364458432188195 0.284094734111686 0.299065517162845 0.494106383913266 0.49389071988508 0.533336417028762 1 0.372814531645794 0.58776511215833 0.547394347790924 0.493422138162191 0.557156464417205 0.443423059386126 0.442626597886391 0.549751381587127 0.447091043945822 0.553845183482957 0.404151654364957 0.422439429129007 0.0638635324062648 0.210481393407861 0.488062789990397 0.421456043522757 0.439536742614634 0.559842135367934 0.572631471980432 0.237100601768265 0.550726213769777 0.432775519560254 0.47060156423255 0.511231348800859 0.0293120884308777 0.492218670535808 0.539802090936271 0.427497878788884 0.458156968414088 0.10633850501103 0.319755945230624 0.521640562578713 0.316594569872138 0.443753339882616 0.46847430569385 0.475403871402854 0.438725371135187 0.464190601269932 0.509364742745769 0.524098124576459 0.113146600173154 0.519433653264526 0.463238474715042 0.537747715273662 0.549804983677332 0.45244292038472 0.477907570759383 0.281334610562412 0.458710355565352 0.359896164386498 0.292718054419188 0.0280283999476255 0.489019316893201 0.0117585978953231 0.499848444642238 0.0704358674782637 0.54264885917909 0.153564161603998 0.554718172339322 0.518554991006261 0.453063830393506 0.474337673846708 0.462280120888678 0.505653796570844 0.446115182581833 0.495132491940623 0.37809129115595 0.1217582863543 0.278762541379825 0.10523963064752 0.459647826768806 0.113638926691526 0.490895149615869 0.470047472613891 1e-05 0.00773606205495843 0.487075807092215 0.517322758850732 0.467733527785661 0.444657677862367 0.209631549775241 0.459168321549527 0.460192563443719 0.466715779687518 0.000397582824354761 0.513700000053448 0.243292620821152 0.454188360203174 0.439870855120146 0.373586725627635 0.520289287196505 0.506630261272797 0.50814444217338 0.469966001572366 0.577963269327605 0.478769213743304 0.437954422049903 0.3857266698451 0.453939926030934 0.55603395088599 0.541146222811962 0.538290457689529 0.540027526228747 0.53387990040866 0.538860393250135 0.484210190171541 0.512375096345057 0.529343567942387 0.445693576463844 0.439821625086521
0.451066879625851 0.442713591555397 0.402931959134486 0.412442851608485 0.192345665676097 0.405799460978966 0.342774427811661 0.309274017291572 0.232038422087772 0.254754096985692 0.408223325048048 0.416593892176881 0.440351418207088 0.372814531645794 1.00000000000001 0.482942073094706 0.453349712994957 0.406755448741011 0.456974124792903 0.364233237786757 0.370887791448239 0.450931147090336 0.375035662466495 0.459317160015668 0.330327438437079 0.357104514514356 0.0554204069849784 0.176168068085891 0.406447361996017 0.342856333229613 0.360099632080068 0.463401241217968 0.475044986576266 0.200905823677057 0.449937150737394 0.36084044683994 0.38840590056173 0.423826953115669 0.0256342419641055 0.409215335696765 0.448915848243855 0.355635925630422 0.376145358490509 0.0927598779204923 0.262389439125459 0.42585347760097 0.269560756259875 0.363992448471235 0.393916186010879 0.393576711585643 0.355582954978448 0.378217152456612 0.420044789118243 0.428011184516881 0.0965981220229272 0.423976710103833 0.381485413044394 0.448281226808858 0.456215513009459 0.378796202635323 0.395045558753942 0.230430325722475 0.37815560221776 0.304744817078718 0.249293458486652 0.0245649449910518 0.408752083067733 0.0105573008741676 0.416538362170257 0.0602330450622635 0.444590754466188 0.134396230407858 0.452435480826391 0.439796883092458 0.368384572234365 0.390848954842469 0.384089547925494 0.420311350631731 0.370432253379339 0.407192072727864 0.308463384286011 0.100531518251377 0.230155563827509 0.0901362543721854 0.381721192741666 0.0937598272306935 0.407672901118475 0.387703604460231 1e-05 0.00682680065327453 0.407910792331723 0.425373793201972 0.385775908687157 0.363896597104871 0.172603718992906 0.37988388697828 0.380200712102938 0.384443076136126 0.000385843184483809 0.422787802642581 0.204224934291268 0.380161335411643 0.365099729255284 0.307552714650767 0.426518670436826 0.418537374776673 0.415085079712573 0.388824447008676 0.475761960146651 0.396651723370788 0.359730176862745 0.320220763079028 0.377718251807146 0.454616702187938 0.446048352460823 0.440597489547756 0.443522390262006 0.443437674349861 0.445447237230635 0.403439429994057 0.424582267858565 0.43934056752118 0.368939347409319 0.358889809987543
0.72679221016337 0.703159579496739 0.64109308482076 0.648078513169791 0.288889951255029 0.634988303679079 0.53988234846576 0.46949798227659 0.355957397963805 0.384146797959214 0.644573291037517 0.651697257234828 0.692132742471608 0.58776511215833 0.482942073094706 1 0.719080425466314 0.640356959813274 0.733727993812452 0.568424495192471 0.580847152967397 0.716375662149593 0.584944581770278 0.734259228219826 0.519883693727293 0.556211507265563 0.0761028251237573 0.267221412426956 0.647294727315448 0.542286596118779 0.569276282667894 0.740897260721856 0.751353472597534 0.304918275658868 0.712937341471667 0.569547303061655 0.613122532069277 0.66887808426258 0.0364029381036138 0.645054925825573 0.705870751302256 0.556591457175652 0.589863625733906 0.136730646839334 0.406480449381112 0.671151400518171 0.411244270769194 0.571281491483378 0.610669356550178 0.621580288610417 0.561512464743414 0.59415870592712 0.669694564318052 0.681957965875341 0.141947746455928 0.677212156215953 0.611162071627647 0.702709168988887 0.720851173571122 0.591616680820554 0.626858752806874 0.353224840138655 0.5918652078824 0.474844949617499 0.380255666665729 0.034638694790164 0.642555927176644 0.0143388146511357 0.649520245171319 0.0895691918522703 0.704053919545333 0.196947764660129 0.714252125408202 0.686013259082652 0.586064111628978 0.623647196733234 0.601492509356233 0.659333659658334 0.583445618239467 0.646033557860633 0.488609344648984 0.152491431910016 0.359268425196657 0.128882925035859 0.595205842848021 0.138431330867289 0.634562329735484 0.611099959562102 1e-05 0.00859735181360181 0.634138571139451 0.671703505723684 0.613334622280757 0.57766136368007 0.266201024929546 0.600356952327792 0.594730011236731 0.606685969716249 0.000419055979955903 0.666759984335591 0.308122716185511 0.591261677813034 0.570508221975403 0.482104360406451 0.680138661527059 0.661285002230464 0.655692399458242 0.612859774180049 0.753767771779632 0.617459962987308 0.563071779140213 0.49752048857343 0.589567697016067 0.726875229151532 0.708072215659371 0.701937870627933 0.702931674123365 0.702763669800731 0.705377239585304 0.630724284143669 0.670328470510033 0.691694355080943 0.583337670630388 0.564388038933374
0.67023673574437 0.656061544817334 0.599491300064835 0.601672563690442 0.274697456796752 0.59276029884531 0.50525152821095 0.440029961449193 0.334192349102792 0.36279042990867 0.598966641115091 0.604899998322364 0.644298026664283 0.547394347790924 0.453349712994957 0.719080425466314 1 0.597927272598129 0.679790021710328 0.537784484686486 0.538146077816918 0.66969377055144 0.541323416277815 0.678465501361736 0.488595800380234 0.520367295992983 0.0729863294846072 0.247385060285966 0.603637613759952 0.506978984861512 0.529565120207466 0.688714031292853 0.70357429515078 0.28788284085683 0.668579454085632 0.529564803880854 0.570913681241993 0.622177190829214 0.0353546435235263 0.598388416030839 0.658493452949639 0.521501369404442 0.55136449190084 0.127855238431913 0.384349999987675 0.624304650585242 0.385519976199535 0.532884206651984 0.570472190421934 0.578111964678413 0.520967011892781 0.553006546044014 0.617759170573221 0.640958860105515 0.134205299463602 0.629887303955573 0.566250458486774 0.653135495663866 0.66675444294163 0.544288706084492 0.583902639141014 0.332837234350889 0.54981438148668 0.435464698807551 0.35876861956278 0.0326878841274432 0.594448739500783 0.0136639195640729 0.607682537561954 0.0855549526739855 0.654385378773392 0.185977204354416 0.66570508718022 0.640243963370574 0.549738074592481 0.583145393022591 0.558887825874504 0.613940126608352 0.54513430723406 0.599365851719354 0.457465201177541 0.143970517496807 0.334041641006361 0.121743347580219 0.559964976879704 0.132430327810798 0.597519591033101 0.570934946731809 1e-05 0.00845898156400325 0.590902544631082 0.625496511348764 0.564691838480812 0.547213503111782 0.248653253668533 0.557558931698339 0.557669449207193 0.563522377941821 0.000435987925761161 0.620176875320824 0.287474711521875 0.551850091529678 0.537157353986771 0.451185802707879 0.62870592728909 0.617849280446601 0.610134586248029 0.577139641015172 0.700677798591233 0.577736893551112 0.529301768897172 0.462948881348943 0.546826693356461 0.679703485948002 0.663221265050978 0.652804707210476 0.658374215813281 0.657287115609333 0.658241467647196 0.585564301489853 0.627349947130212 0.644999173254595 0.543423321763951 0.527426238472033
0.601720911260568 0.584460422159764 0.534565360690297 0.538196172840776 0.246890186217278 0.529473358542813 0.452250524006108 0.392419821381051 0.297283900832472 0.322074275617912 0.537476850845927 0.541859177629097 0.575830851519066 0.493422138162191 0.406755448741011 0.640356959813274 0.597927272598129 1 0.605687768792378 0.474434501120509 0.4828251380177 0.595566970774868 0.49167851192748 0.607842961945882 0.436858101529345 0.467117117751223 0.0650441859649363 0.227293275315203 0.535383558722712 0.452052068798722 0.478881902653832 0.61616827698346 0.628240088228171 0.254516405690769 0.600719179243945 0.47569456818888 0.510528685902035 0.560791749575707 0.0316491722700244 0.538052304480871 0.586745837883046 0.463551836220061 0.500246813216217 0.115512382799962 0.347454802552143 0.561310137454729 0.344859151731228 0.477827846350559 0.511341962693901 0.51806442283998 0.467040287381697 0.499155631474812 0.553854512669849 0.570540616532934 0.122180116650794 0.565478957157726 0.511636629917926 0.583736519959101 0.5960034257259 0.489343379247713 0.52074411299798 0.300160962035413 0.493120157110732 0.393643161111837 0.317086256928864 0.0301657423929365 0.53747599685062 0.0125177988411932 0.548742052610182 0.078571640882478 0.59240746538866 0.165668915388141 0.597307590092905 0.570319666555196 0.4890713833686 0.521575509042389 0.495136742976502 0.548302115048486 0.483226957023043 0.541570700602181 0.408096848636855 0.127929412248276 0.302605695198667 0.115142754100945 0.49608827551612 0.120179805417551 0.529260306794596 0.507076868031527 1e-05 0.00770802450594024 0.53417226582328 0.562761752675282 0.510447418411797 0.480442170541471 0.226919324214748 0.503344128687595 0.498433583416061 0.505992620435739 0.000389548034345654 0.555918015740738 0.2572421094634 0.492304096642166 0.478712714668788 0.40390012831097 0.567324806497713 0.555916040320523 0.546233362070832 0.518047442896806 0.627487666600107 0.515330325137182 0.477279715696998 0.416851905689731 0.487759007818831 0.607292887312328 0.589953166275819 0.581786703572453 0.58747229807943 0.583380213019413 0.592772801870465 0.535465420316097 0.558846529724459 0.577582510679667 0.487473575460564 0.477669798370779
