1.00000000000022 0.812059765170751 0.884274898871838 0.675605066185869 0.68367196069369 0.718289509163637 0.716058249270805 0.676495141049276 0.714495063889672 0.646019476123716 0.66231957284965 0.611776770758198 0.703779091290487 0.634221769829759 0.001 0.666324080385528 0.605638379806167 0.680447065436828 0.649889880452857 0.639257071581421 0.686887294895869 0.537950460773915 0.641760896592248 0.641137969186309 0.642622467680569 0.724700103579185 0.691987048138558 0.638645965179873 0.428070076877539 0.613262155610067 0.696753859858527 0.681508342726657 0.725875684940794 0.742155934600488 0.602351835997393 0.71225195626733 0.643983406137733 0.724292410327892 0.593142092095307 0.653884532363772 0.568977638470378 0.622646030029841 0.682621086797327 0.575389698815798 0.72238303516749 0.596661013303863 0.582477493907276 0.627326580915996 0.655288475561831 0.665893559436963 0.728516037632222 0.621625119616718 0.63504991115797 0.545619672117709 0.621822075859981 0.734692404864508 0.505793785620168 0.525875138544568 0.616140227402583 0.506142068052028 0.668616810079073 0.640379129254229 0.738886718079116 0.582063126796495 0.544820579143954 0.651048492418626 0.654963760337508 0.627997164342525 0.582915219079594 0.522759036518203 0.584167380320604 0.569646284112703 0.680048626580973 0.737603388287195 0.693356858786276 0.501745550097402 0.730753070436554 0.716445230173507 0.693081115419626 0.691312440793443 0.714592272241453 0.564127446449694 0.557014507145776 0.677051442031336 0.572310614814652 0.564496198466479 0.664592414271465 0.744614730573718 0.866493300616167 0.64903461559059 0.679785567921788 0.685424779221093 0.561794406054623 0.544273987024831 0.524887254135964 0.703013232360505 0.71494290601293 0.515762081810248 0.619965863156037 0.653837841993977 0.710675849570342 0.561740127081215 0.535175850122823 0.490043948984077 0.536025645310523 0.570102330316085 0.700071783551706 0.655404114748513 0.576978586231366 0.589677098205302 0.712188794485057 0.695594646981041 0.668218291042631 0.69853615693676 0.720438003205386 0.810873545211813 0.858656293229659 0.870581575884186 0.84017939097699 0.651374760594666 0.740088337858474 0.709403466816805 0.7451240886947 0.704491127269257
0.812059765170751 1.00000000000005 0.776856669388142 0.647526258936898 0.650888559680837 0.635936020202712 0.664907248488954 0.624655356255859 0.64047576111104 0.618061034297993 0.660153678469534 0.604584163777155 0.639729916672144 0.554977783469728 0.001 0.636016518766602 0.516638443711799 0.607147775976132 0.598013036831998 0.617911795358411 0.600601250748987 0.536312136695112 0.612385643546944 0.615101023682647 0.607644258373988 0.666940908719319 0.656690781207485 0.62009060858028 0.444012588478501 0.537661955079798 0.64681542175558 0.61429625800485 0.635812694562688 0.675206731565748 0.523218397813943 0.668726931039434 0.566539033968433 0.670365217897152 0.518037345208844 0.615086522243778 0.493193945069576 0.601691138697474 0.605028061369446 0.515227161186108 0.637916351120657 0.535399928826163 0.50898751090121 0.546221087203053 0.633349701762824 0.619433886361712 0.670122029274352 0.577849937982715 0.593226698474352 0.478509507133192 0.549012250778788 0.636524418754827 0.485889817680371 0.52244238349521 0.54737748928377 0.462170025281472 0.650463385787653 0.58334031636892 0.696776574185612 0.503252446186918 0.468188046235573 0.630662523149517 0.582843509289258 0.565270503467304 0.543962440145041 0.449011649483355 0.534181329617205 0.499282600935451 0.618229683477967 0.664509230185437 0.618023805806403 0.492705742271273 0.679475798657448 0.659129983708409 0.612068808968004 0.628811550893145 0.658578330882052 0.515675803646135 0.515157677556741 0.588520404580216 0.49137950315354 0.491015920335303 0.598833538513585 0.685382807090254 0.825438837981436 0.613334385262103 0.656792252895289 0.60143884503217 0.49663589853606 0.491656537941011 0.482484035018167 0.619287539524895 0.679773130265041 0.484504720483667 0.564803515854397 0.633146305587972 0.642009299925428 0.488505464656835 0.470723619109174 0.492922471193124 0.463740924675863 0.538647019742655 0.658178839034358 0.583384407119797 0.54416820921151 0.519773726888958 0.662870074916645 0.61985496066332 0.590295149317796 0.654316119772284 0.652353789765603 0.744404315193422 0.787183212541815 0.810171814329077 0.751771400979017 0.629697298426751 0.688234412838107 0.674300765335467 0.675134744053488 0.659168134177164
0.884274898871838 0.776856669388142 1.00000000000007 0.650164348889581 0.644977265161873 0.727386346854298 0.695775922893262 0.674886857515707 0.729139908570628 0.608859847731756 0.62825903342972 0.566030945000001 0.685334510925958 0.623207779398897 0.001 0.66349994914514 0.650848945839561 0.693519982737512 0.617485601660155 0.603295426349197 0.690538345615551 0.492563316311587 0.616084358708459 0.603687843905751 0.634867893984098 0.711408489404156 0.659826431005373 0.622233225172423 0.372031627561602 0.618792119509144 0.673443016209373 0.691099436821058 0.727560732659317 0.707240441074569 0.597331081932944 0.686723113882676 0.628800236427873 0.676155830401778 0.590408092880092 0.598589161906434 0.59637305308812 0.597689588671513 0.710630886863092 0.557828978694388 0.709275513735477 0.61328976495772 0.575285694554943 0.636027416331084 0.616012631840309 0.630166478723652 0.741896888716233 0.571596740064707 0.605755205228885 0.540650831806037 0.603586712458731 0.752615029415701 0.457851985015055 0.470375050121383 0.598469169193596 0.471904621539336 0.609676268042294 0.621005071034437 0.730341191507253 0.583991341383956 0.563141461065866 0.616068733026141 0.64683893836401 0.608699097230506 0.544578518890684 0.541904943255051 0.545982408831406 0.568206663792298 0.658640821057451 0.708002888063469 0.679682431355353 0.446880851000731 0.726844045150134 0.684769559304035 0.677644931464057 0.6750962963068 0.714944128716334 0.54145302739139 0.532104331009925 0.712436441820349 0.581657738825621 0.58819859458632 0.636578739275377 0.709801058767318 0.826371088198585 0.60940050518552 0.628941021202122 0.671082599257351 0.554933348234646 0.524491920375351 0.488882675275694 0.717540693193954 0.688767024874815 0.4738864804318 0.582090826378151 0.619041002982026 0.701655345247571 0.56830163267637 0.518349974547758 0.431260940943408 0.551079528284136 0.549436888342064 0.64636443863271 0.675262360222108 0.531685975002293 0.583051923199032 0.676470225492509 0.693105330891695 0.65419920486194 0.650465612016275 0.69787516336868 0.798571123480299 0.807057208454353 0.845931552857297 0.820871901137923 0.638144948248712 0.710110802636413 0.699050172590793 0.730539507836097 0.688108423337958
0.675605066185869 0.647526258936898 0.650164348889581 0.999999999999891 0.653416540794716 0.623473053866354 0.66088719090475 0.620132682714589 0.632537957137796 0.630261477508827 0.654275042187566 0.600617601032719 0.688517654719661 0.627517980073416 0.001 0.686944504133733 0.550666888951194 0.699698765933516 0.681046722019871 0.628758725176163 0.650411614624844 0.607035135717698 0.644476337521263 0.706003667322623 0.661743392296207 0.663954765629029 0.715000041930574 0.662596050671825 0.524341022751006 0.591926207844951 0.716692962020737 0.623014021660099 0.67259230502979 0.740833338898521 0.557150337645573 0.711174936565921 0.63542755465528 0.712433661070219 0.579058945945705 0.690095341224178 0.470971500785253 0.661001744781184 0.6485987613142 0.549479957805952 0.713196118817734 0.584641122416583 0.530094969001702 0.554100027290244 0.755077829097942 0.638968225598463 0.613148623026535 0.678901244433525 0.632027324672448 0.500725109868702 0.581263083565263 0.657604682865115 0.548638019719096 0.60285135205058 0.583647720870796 0.505766898399663 0.701835119289613 0.60455091660645 0.648115259326205 0.539337896999698 0.480852908354563 0.715093694415946 0.663117024688702 0.649568886130096 0.665707564404345 0.442946447305067 0.578658206817044 0.517568025559707 0.65863898365412 0.721497047192213 0.700916872406453 0.595938194979761 0.642754998185064 0.695256045298124 0.63695251910456 0.671177045214817 0.647805272691899 0.542478042354217 0.544597886296974 0.569804875331777 0.497933314546975 0.484077990015379 0.628413271263297 0.701638842758516 0.697836845017741 0.676254239573907 0.692910052039839 0.65734024386349 0.508196929356064 0.505155590257273 0.528084411050203 0.678108920161308 0.699623640916728 0.528892625544642 0.655193649329791 0.670641559637136 0.644297155778144 0.492208003950126 0.495917767204442 0.611365430314457 0.458016434369462 0.589739177389501 0.68876923726506 0.627998037649219 0.661994654282526 0.562991123262974 0.687164591958243 0.653194548973221 0.649122837264211 0.68991322498473 0.672683974633458 0.676622226715562 0.689825600107088 0.674902436697869 0.67992655275057 0.604097610765462 0.683684486969978 0.633113738661812 0.641878201526217 0.639559472537912
0.68367196069369 0.650888559680837 0.644977265161873 0.653416540794716 0.999999999999862 0.60845497027013 0.72509026781832 0.669587224294153 0.663094282586255 0.697156063203579 0.709287617508414 0.657373109295253 0.645193963368893 0.544251654429402 0.001 0.645644148603474 0.492537947290491 0.598538308187441 0.596431336877669 0.750995165146271 0.559884876488244 0.557931270956768 0.671278270235203 0.624118959750843 0.681934674706699 0.746283241925366 0.64616952950752 0.680066365648283 0.496423104802717 0.510555582249826 0.636529762157962 0.598101435210419 0.602841727550157 0.680454946653093 0.502415300972471 0.649032129923628 0.547370881683417 0.661592661303797 0.50069735895189 0.633480729191641 0.454023246304656 0.654275687349151 0.594137489098467 0.525554753527071 0.63586111164732 0.546059579989787 0.489904647319219 0.522644906730005 0.64536523500187 0.610736056713713 0.639945515169698 0.59318737594079 0.575267836279969 0.463392874174551 0.548056053927197 0.601580075710827 0.507591920245887 0.566450060574484 0.529844629500383 0.476334264129239 0.669350157767821 0.556383571403031 0.717391336666449 0.489847704303602 0.432556992964117 0.629967386773385 0.567221704208671 0.560442482288991 0.570774500596689 0.424207088501044 0.529758859055604 0.492293174508415 0.613688418747882 0.649558651032887 0.617117432602896 0.550244861842453 0.698629327553307 0.654772664121268 0.582398705147264 0.614195561070925 0.709845808807104 0.518404431195016 0.486955658320104 0.542991017899192 0.460178730092347 0.46699101486037 0.570392366244437 0.663900378668446 0.702216613271404 0.599015108291377 0.651221500538817 0.590368606725193 0.457446799075256 0.478912068922338 0.512374154185608 0.610800082265902 0.667256344111323 0.504261321435588 0.584463725908184 0.62716262158979 0.670716848036536 0.464651055054009 0.466135770809445 0.546856654886065 0.433274943513671 0.520029380415026 0.672101507422579 0.554835498260256 0.569830669930456 0.511481236717851 0.63948675372188 0.587257772140624 0.573364962154004 0.667256571331483 0.650864890155323 0.679138055628232 0.697441750972511 0.688047355222403 0.688722801490541 0.677791583603855 0.734558931992481 0.701913243348321 0.654052628481408 0.692533235560254
0.718289509163637 0.635936020202712 0.727386346854298 0.623473053866354 0.60845497027013 1.00000000000003 0.685835489641368 0.632743848156717 0.701178849089698 0.542512238011357 0.569172016854851 0.518039387668767 0.667345696843023 0.593200040379877 0.001 0.592844197652675 0.652599234858238 0.655844081087163 0.577966290307487 0.556551744316866 0.673382612772948 0.441499953904903 0.555700542923535 0.556889430216711 0.574953848098334 0.659020914082741 0.620285937590236 0.593880544895315 0.35517805142397 0.647051751574246 0.643493128420367 0.666044541084178 0.691836681850032 0.772735076490286 0.568052079720279 0.645304298639452 0.608850194519973 0.636653519823405 0.567047435875862 0.56392099353733 0.554624642124735 0.562766144461866 0.661810895626578 0.528699057835003 0.69048930508683 0.597519847945352 0.530350217752373 0.594365005975852 0.598926504098735 0.573355118057137 0.690211708817165 0.565112912292 0.564772832396207 0.503031152520388 0.582493387036763 0.702634125601406 0.426905473077544 0.443100847767383 0.575723354071635 0.445716950158667 0.567856409690418 0.567697141017816 0.670858885778775 0.552084262012293 0.517974039148506 0.575205899242726 0.65707323961207 0.587173645192147 0.530718774281915 0.506009261674715 0.52131067779909 0.543577942055943 0.641199060415764 0.667054370042799 0.678795334907493 0.431826514015352 0.687135365457005 0.64364670395645 0.61577323826842 0.650803847264461 0.679899033663944 0.50621450130784 0.497998391209017 0.673676665257598 0.54421535373382 0.556202560689835 0.574100517800641 0.659098423221863 0.70268957597093 0.553173514680226 0.595817145495724 0.664282732730409 0.541453761859598 0.486077264954528 0.465603127159915 0.70507308126031 0.652156335306126 0.433611799191575 0.56479809869515 0.556175145217316 0.653933404540066 0.534541201825582 0.487001450321694 0.416499984163772 0.503451574108872 0.494960994238093 0.619597074836039 0.644898026600194 0.526608388130203 0.560036296362281 0.613061477648005 0.666014611457201 0.632631526396454 0.621713593860651 0.663452301549201 0.702731501812757 0.708160031392073 0.711749674879191 0.708340207832397 0.607641247694187 0.670383771640859 0.641241407553316 0.673202043064392 0.661416820277249
0.716058249270805 0.664907248488954 0.695775922893262 0.66088719090475 0.72509026781832 0.685835489641368 1.00000000000004 0.772566021939478 0.782973136174645 0.665179834956829 0.664736738219367 0.624299691897286 0.686125637487386 0.592973475152233 0.001 0.634384579162153 0.564699323143553 0.646899720089074 0.603796739155571 0.677958312393649 0.624965506356665 0.515782984750684 0.716542670215972 0.612807820497337 0.686340936552963 0.731583399139399 0.646867523319155 0.730310108071226 0.437201325791179 0.570059801298197 0.658041991126311 0.639959972181589 0.653748141900644 0.717645199005063 0.550340772332951 0.661107205807146 0.590206744998097 0.674215686014482 0.559911895913543 0.626991017263895 0.514176092300733 0.7236061330554 0.644241005698689 0.547186286419176 0.673971188851044 0.599239638031021 0.527799714799124 0.575433231658744 0.626672542938344 0.620827305153951 0.674519512186488 0.598437426184431 0.583804083888246 0.502448115689555 0.582616223340594 0.663990523520596 0.485121908329774 0.52029547819681 0.567636400029514 0.479955004754047 0.649741446719935 0.583593093781482 0.723654048684984 0.529095833192713 0.482362629720006 0.6288278760922 0.623042664864959 0.601694501716592 0.577907527621084 0.476438698447302 0.545973451616524 0.535760163150237 0.642358713003252 0.668219862520553 0.657959724537028 0.514199493158933 0.72354946143923 0.67384627527429 0.626200202543569 0.64388796804052 0.752547074917625 0.533157833693352 0.506205729751397 0.621657216660767 0.513748113360444 0.523001345033836 0.597185053794736 0.692654904113293 0.717727780257572 0.592813758987916 0.636306118240529 0.640569462167636 0.501346134308869 0.502361720243385 0.508459066027294 0.665721394378131 0.675149248319958 0.492362331915041 0.610529394784284 0.617085817324718 0.693659737330981 0.515114406219971 0.495412661422588 0.50264994239938 0.481470026779381 0.524156376218956 0.679027865771096 0.603085517787651 0.577139666140717 0.545738706055022 0.661642257589988 0.643629033402939 0.61743234398955 0.673600829450914 0.681497407368776 0.713212786239929 0.714876661417698 0.708539640353879 0.722497377724137 0.66615812251157 0.721339112388012 0.704934403176958 0.689176648613309 0.691978702680043
0.676495141049276 0.624655356255859 0.674886857515707 0.620132682714589 0.669587224294153 0.632743848156717 0.772566021939478 0.999999999999944 0.772809860150802 0.625434794918951 0.632577256906519 0.57799954546029 0.640981774219642 0.557986343428144 0.001 0.621188870554848 0.562369006065039 0.625108179818733 0.553661707936701 0.6221267442047 0.609264347879864 0.462103429465171 0.696097840083097 0.569959340676884 0.694632377614507 0.683260049651564 0.600356211309931 0.722725682203393 0.375179611326008 0.554969510992499 0.625793224911509 0.601415653765471 0.63106751319995 0.643287564673791 0.514733903786077 0.618968791503421 0.560880626590327 0.611774628580153 0.531182876240834 0.555619270037514 0.497426880047653 0.697853233934731 0.645315501657534 0.498289466714259 0.641111148615559 0.578719843193738 0.487996284498704 0.544034717216928 0.58399320910029 0.574561811157388 0.677335305770266 0.54386545285373 0.539033497319121 0.469611810998626 0.532083903027052 0.635815309824424 0.42440687740223 0.453184142605443 0.521985066559793 0.425008474434756 0.582281127721482 0.542431843818108 0.69243376126902 0.497870350061739 0.466644758053037 0.568921220495544 0.581006459075838 0.554846406883161 0.519177776928702 0.456181883223516 0.494249379307722 0.499450728215295 0.591252371232537 0.630795097145563 0.60982177001511 0.438890631471185 0.689393286250194 0.620245221785979 0.588883380549258 0.592806744619475 0.73797926921169 0.487557726117782 0.470365159149967 0.607609272726676 0.487370706586716 0.507475223275936 0.552540381662317 0.632268951369744 0.667393661686561 0.551515192616783 0.578350154736006 0.596004899105764 0.467973944933604 0.458375906414537 0.447382726240518 0.63572125086065 0.643804281376885 0.435435796756542 0.545869166566222 0.595529526408664 0.697157374262993 0.485463611616509 0.454357108304617 0.433532532428205 0.457516536445728 0.491684801086894 0.60747789803616 0.593213358699741 0.509569297185138 0.510050124578588 0.621770150617401 0.626539662312474 0.590387193813396 0.601346363722964 0.632529293106979 0.672884641784522 0.661652509465727 0.668667716856345 0.675147040934494 0.629265877742037 0.67060156557622 0.68023421905555 0.648531600280074 0.64592851310216
0.714495063889672 0.64047576111104 0.729139908570628 0.632537957137796 0.663094282586255 0.701178849089698 0.782973136174645 0.772809860150802 1.00000000000019 0.611163484540638 0.603724446891076 0.537216358721789 0.678770178490485 0.609840054606809 0.001 0.629321696455903 0.649567503797195 0.683605020488583 0.582559447427538 0.591245220819847 0.694940729580193 0.45452155985615 0.653303560803129 0.577081105416236 0.683756060733357 0.699006416864994 0.607457720897617 0.695172089787934 0.350328143140615 0.627076531352026 0.660040005384667 0.634803419063361 0.685407131129747 0.680094313107858 0.572524764334776 0.632112842210995 0.616145583944598 0.627397809714454 0.595676769087569 0.557452182725145 0.574513927592543 0.684552268922363 0.703056590953943 0.531538500183528 0.693394194089894 0.633734566752429 0.545403183100663 0.608814258959982 0.592392908466493 0.597003570491233 0.711155426771246 0.55213643243431 0.573287152496925 0.521206578460709 0.576999725011603 0.698871177109718 0.434118617371203 0.436400333922284 0.571540963925816 0.450758674025403 0.5630301622584 0.576988560519421 0.687230712489529 0.556351061251256 0.540491602737111 0.584433414490782 0.643870050463618 0.607356845384468 0.54433932212145 0.530106500674319 0.526234619946854 0.550033433813438 0.619206489231022 0.661109469725084 0.655082740696404 0.430465553839814 0.694150015800998 0.63190962627176 0.629310843039218 0.623207557361509 0.727973148567561 0.513569586130961 0.514676858798737 0.68185379710202 0.558353812810555 0.571542527869393 0.595817378930681 0.652108415751693 0.682496887151346 0.570700351640889 0.581710210030826 0.652440592341701 0.536735712355104 0.505070795819973 0.460611335463303 0.686796968352585 0.657617241240614 0.450171116477893 0.57729846695018 0.584293857529549 0.704118209469825 0.556136852629751 0.501400121755304 0.420149585388477 0.530411167741287 0.518104466979035 0.60759354424275 0.679392894702091 0.527243336136836 0.561001814805002 0.634050796923504 0.702626851326115 0.653301594479454 0.603279346667402 0.652151362566986 0.689139523567772 0.68670101167524 0.692223990014087 0.702243591021654 0.631209810190503 0.675877529187188 0.666450766076413 0.684764842856362 0.653885442015913
0.646019476123716 0.618061034297993 0.608859847731756 0.630261477508827 0.697156063203579 0.542512238011357 0.665179834956829 0.625434794918951 0.611163484540638 1.0000000000001 0.701045977743744 0.631271235437078 0.607561406374314 0.546335011405674 0.001 0.603120573598479 0.471045682949299 0.58294597086913 0.606520279564074 0.683294235596182 0.557381987450882 0.597342034525976 0.649593400222955 0.626466952892976 0.638301357880585 0.733643363272364 0.636435919406107 0.630038674816971 0.497836622143665 0.488647430302593 0.61744257995112 0.534858229969105 0.57452953389507 0.622370326148926 0.514189270369437 0.642821633828247 0.567775773639064 0.685629329617122 0.500121599280708 0.648837189396739 0.448906498032595 0.622866402305354 0.588658231699059 0.514595764287361 0.602282230559165 0.511133872925365 0.518535739903267 0.517832217679228 0.629926904055525 0.65945518997251 0.627960336015389 0.592700487651723 0.61674682188254 0.484928731473719 0.540269582286518 0.578560964934827 0.550492180555624 0.567119551188521 0.54337139973888 0.497373765324656 0.664966134276216 0.573417923491983 0.650256369938495 0.511121925206739 0.465027408190983 0.648839796217788 0.54477479649783 0.575713032139022 0.572870824912094 0.430190026117889 0.560903711623706 0.480208377192885 0.575442315698681 0.635221483970517 0.589050181330332 0.534476677026381 0.622032644691345 0.625717045376854 0.614613845010207 0.587210745500559 0.629918991307643 0.529269172845942 0.529691333140527 0.517488079999498 0.48078551084723 0.444994057611238 0.621056625848791 0.655039465589499 0.64166938411702 0.639382901619191 0.643551686126419 0.563705144351354 0.491394369110802 0.509619547029086 0.499319896386935 0.557898642664629 0.640524704998845 0.533888240856671 0.578994027559763 0.657559544228041 0.647321980326936 0.476350952462983 0.480148306956265 0.547096782504958 0.454763248360845 0.581017027005976 0.658434808146768 0.56729741286476 0.567229326237672 0.531198041782989 0.670534362822602 0.595738241634621 0.574966293386561 0.639683276757891 0.609006868753473 0.606962109800366 0.644095704566144 0.626270308901711 0.640506529711018 0.62496473953937 0.654181997428209 0.651264373783811 0.638955495835308 0.633014254470675
0.66231957284965 0.660153678469534 0.62825903342972 0.654275042187566 0.709287617508414 0.569172016854851 0.664736738219367 0.632577256906519 0.603724446891076 0.701045977743744 0.999999999999987 0.68362143940021 0.622764319969942 0.532997929637252 0.001 0.634444222350688 0.458896265089163 0.578623219799015 0.599229498946659 0.721756874915349 0.543334514384842 0.612412894513102 0.673833828299827 0.632181771300619 0.653432949629356 0.714821040329583 0.652242866237462 0.676472393462498 0.526395094263094 0.480324875601976 0.632405584794788 0.577235859842684 0.5790070372363 0.661463589531599 0.498521812912971 0.658259341621572 0.542191917011974 0.672963665392799 0.490885917455976 0.638866392567456 0.435703833635204 0.642496748815341 0.57783658964739 0.521582185717556 0.611348668210365 0.520457019692228 0.495532577547259 0.513282693513071 0.65769754396616 0.630574174746881 0.639762328089181 0.600686209469723 0.606767750459898 0.463750973486184 0.541642491064704 0.574771478389223 0.539164892767856 0.595395042642638 0.528836671664355 0.484530660103789 0.680477425155686 0.577389651214357 0.690903285657543 0.493900169604158 0.434538402678644 0.643892906386317 0.545710056824937 0.560762755486681 0.569690502502485 0.412026654591338 0.538921969582352 0.481684753943779 0.604596546388315 0.641548829147816 0.605987384493848 0.559951117417696 0.667561097510228 0.637704684399164 0.578233593711584 0.608971710753924 0.700922059055403 0.52887426218835 0.499498461351803 0.523403426443401 0.458146871900781 0.444750461305947 0.574483296893985 0.661472139912525 0.698893959378664 0.613490172581389 0.654973318234995 0.559419056486813 0.453226510561518 0.486251701213391 0.517451974873657 0.578940436632855 0.653067097809872 0.523275970877544 0.575085934987601 0.680673837884366 0.70793662578068 0.455786937535368 0.465579694792251 0.571561122692516 0.429845671178726 0.556805122773548 0.655469649876428 0.540580708006726 0.572259728328755 0.509979946393694 0.644121396076205 0.569742201656806 0.559191843797242 0.652864929015452 0.626822332206105 0.657708416136777 0.671952099642352 0.664452777030834 0.668718747980576 0.653603200619442 0.697273792086032 0.698952645303078 0.647233445421841 0.664360240763973
0.611776770758198 0.604584163777155 0.566030945000001 0.600617601032719 0.657373109295253 0.518039387668767 0.624299691897286 0.57799954546029 0.537216358721789 0.631271235437078 0.68362143940021 1.00000000000006 0.579706706199537 0.496952623602955 0.001 0.561618641633334 0.40602075911486 0.525620733862313 0.562129974758381 0.661646657165396 0.475541355019865 0.578758912704832 0.648019832313323 0.596322529975402 0.596094613590651 0.643882597053202 0.604855989811696 0.619731189619647 0.537931008286689 0.434032321289813 0.55994493586555 0.543415949692401 0.523692089645701 0.615212400394083 0.465827382843932 0.588058343023463 0.508448301378657 0.646754465115039 0.457917600516491 0.627822739043881 0.397179454991208 0.599696752400023 0.505362447987671 0.507448487946098 0.557202918536804 0.475279428981603 0.461834939685165 0.476030141666277 0.588645679374454 0.631126658072573 0.599817668517308 0.580447834736318 0.555373936868454 0.449060921229181 0.520699808266602 0.521219636504103 0.524430627000019 0.588845650899695 0.497468420102581 0.479352731324388 0.667318455331834 0.546532408116135 0.723038564350993 0.454775625744646 0.383306767849122 0.589448858720116 0.497716131830392 0.511415558365393 0.538975614220408 0.379166413885066 0.513542140773476 0.457930870752988 0.578334492883458 0.601186880635561 0.55940678756707 0.577178342765536 0.687968305836085 0.609019418061499 0.537228523327083 0.575398108916088 0.621424389438365 0.50565418295135 0.449414036989251 0.472361380006006 0.417279219179036 0.412668854778876 0.540609548348464 0.625085532236411 0.642615629535794 0.56797309946869 0.615602661422389 0.521416795535562 0.412950194406178 0.461137860554279 0.516545077800327 0.53151635416614 0.592969164018907 0.51448030913301 0.556128374973759 0.603644949909255 0.604420489234906 0.421617804908432 0.443793696966896 0.563249491393529 0.394742392636928 0.496985432043737 0.636487961243155 0.468743207415313 0.550181428316779 0.474561039615816 0.612854558733055 0.503327534876447 0.514284734718727 0.640423349922002 0.607607128145519 0.618059418643071 0.621323835304043 0.610022161264409 0.623098638997824 0.662713055263766 0.720013626161504 0.736153786398101 0.663203470251218 0.693489945083176
0.703779091290487 0.639729916672144 0.685334510925958 0.688517654719661 0.645193963368893 0.667345696843023 0.686125637487386 0.640981774219642 0.678770178490485 0.607561406374314 0.622764319969942 0.579706706199537 1.00000000000003 0.715605150010697 0.001 0.635975054407382 0.631836427463426 0.708398960655223 0.716069778552127 0.606518106569722 0.702969059520089 0.537338893461253 0.621256562809968 0.695709177263804 0.637640635231379 0.704741310933138 0.671369262256372 0.630978348080107 0.429653230920225 0.682596153338426 0.721022908567991 0.653509089072002 0.704903871490562 0.743933424174439 0.645996271193954 0.688858321918982 0.707256055247722 0.713382358368388 0.698318923378328 0.673687536080723 0.579559409739697 0.644210209822979 0.691018284422875 0.621808849136947 0.770247737537584 0.707716520128977 0.598660084012321 0.639096083107468 0.702357589260752 0.687265080282112 0.673965503615141 0.676417206399501 0.646886948815189 0.588474932630636 0.647302789905716 0.725679448828601 0.532561331717299 0.528269597410856 0.660301568217804 0.54715874525488 0.669511552359337 0.654060067420484 0.677587827405516 0.62512149368016 0.567557074920914 0.634616883746616 0.748519206086896 0.721288822327969 0.690921633237784 0.55525110575258 0.617982633780574 0.605631547531536 0.701115946243314 0.745956287892005 0.780023950405338 0.572514101128958 0.676034138486482 0.710173250140128 0.701347096549475 0.697178691038978 0.667427764367131 0.597248985175847 0.567754405156009 0.662601802740411 0.591258770210669 0.593149515427628 0.702044910436317 0.744049577676058 0.701984346349895 0.658223091876469 0.666469561392841 0.756388206537505 0.587241288055779 0.569098231348102 0.56807658233254 0.721851899298275 0.693978886752801 0.533768764308441 0.700449076555478 0.645298991278563 0.684222058164436 0.591778789529462 0.573130152117416 0.541724542062894 0.555355970584524 0.587970524493094 0.697122826967386 0.659266274852379 0.680069872478056 0.644825305133719 0.70958182251701 0.726464044372363 0.746821185588244 0.712286283382795 0.743335658060258 0.68111074873901 0.711794640339849 0.685964387996285 0.712655882945654 0.61068243061215 0.71680399682498 0.650103563888069 0.726414779798517 0.674794672994457
0.634221769829759 0.554977783469728 0.623207779398897 0.627517980073416 0.544251654429402 0.593200040379877 0.592973475152233 0.557986343428144 0.609840054606809 0.546335011405674 0.532997929637252 0.496952623602955 0.715605150010697 0.999999999999982 0.001 0.563672886950271 0.626535400972326 0.668052537490237 0.671683438146971 0.523278737517263 0.682918975619845 0.504639098670155 0.539290218218357 0.615464471550027 0.55335948128529 0.638130223944577 0.584863817881491 0.533085838035819 0.380703394054121 0.676857430249048 0.643940074892784 0.600194459781369 0.649658076522782 0.662001089329097 0.698034267363893 0.604858497451871 0.738759839345436 0.662064149465773 0.732361998411674 0.605244520477036 0.618496148036519 0.562349904288066 0.670537832124225 0.646760138992793 0.722050704093856 0.634917200072343 0.666039204856118 0.681506108152132 0.604994586417739 0.683884136674684 0.599926666151738 0.646613292037567 0.643007414726142 0.644873953140515 0.683706511912749 0.667416960488711 0.542583382773812 0.482737556619307 0.699834921813745 0.578940218341636 0.575904133060998 0.649945979571889 0.572665337821892 0.660906836718549 0.628674786687484 0.586214216767362 0.696918379772479 0.735856744120145 0.672231529353017 0.612233490995733 0.629746613465428 0.639072754968865 0.65469450289776 0.668752433254169 0.746317183410167 0.528560375866801 0.571299587191474 0.625765969548315 0.700405744635555 0.648377991641347 0.574400237917247 0.619768803970227 0.586031609382567 0.654244081452863 0.663386491060771 0.609482350609583 0.683069293626637 0.660917158024641 0.611085277577477 0.621236086814571 0.574403586446376 0.715459744105069 0.637618102874713 0.634995861569351 0.563185336753764 0.659851814733614 0.59629367985484 0.560621108027958 0.687906321515138 0.565374982215388 0.60987968739001 0.661955779883031 0.633113619321378 0.492192656001938 0.63539492352354 0.604591910906873 0.596521561971175 0.639480580749148 0.63934262965145 0.672377796799204 0.648420895782924 0.699422073029303 0.75389813882277 0.609116781525605 0.668603152289748 0.594058606547295 0.623897551649964 0.599295211272134 0.629870481457075 0.516148033565739 0.597839450852984 0.551392417613202 0.653785988628898 0.577635811382984
0.001 0.001 0.001 0.001 0.001 0.001 0.001 0.001 0.001 0.001 0.001 0.001 0.001 0.001 1 0.001 0.001 0.001 0.001 0.001 0.001 0.001 0.001 0.001 0.001 0.001 0.001 0.001 0.001 0.001 0.001 0.001 0.001 0.001 0.001 0.001 0.001 0.001 0.001 0.001 0.001 0.001 0.001 0.001 0.001 0.001 0.001 0.001 0.001 0.001 0.001 0.001 0.001 0.001 0.001 0.001 0.001 0.001 0.001 0.001 0.001 0.001 0.001 0.001 0.001 0.001 0.001 0.001 0.001 0.001 0.001 0.001 0.001 0.001 0.001 0.001 0.001 0.001 0.001 0.001 0.001 0.001 0.001 0.001 0.001 0.001 0.001 0.001 0.001 0.001 0.001 0.001 0.001 0.001 0.001 0.001 0.001 0.001 0.001 0.001 0.001 0.001 0.001 0.001 0.001 0.001 0.001 0.001 0.001 0.001 0.001 0.001 0.001 0.001 0.001 0.001 0.001 0.001 0.001 0.001 0.001 0.001 0.001 0.001
0.666324080385528 0.636016518766602 0.66349994914514 0.686944504133733 0.645644148603474 0.592844197652675 0.634384579162153 0.621188870554848 0.629321696455903 0.603120573598479 0.634444222350688 0.561618641633334 0.635975054407382 0.563672886950271 0.001 0.999999999999869 0.565904616743933 0.667815174795801 0.614544921450928 0.605106358769409 0.611507152669903 0.535533065815975 0.616733228662561 0.666894102495097 0.657822686360366 0.653797271005152 0.656878976389577 0.632569039100603 0.444374078824147 0.559357079431534 0.68328450213055 0.617216012088024 0.657297492984145 0.660554180701225 0.511633431785189 0.656545686743852 0.569742701336403 0.645434811095233 0.529445810631995 0.598767570622452 0.4676021747392 0.632217712375697 0.682537641316973 0.508563479373163 0.677724532479442 0.55999841182473 0.485648890997869 0.528976096886391 0.67725541272313 0.584657493184758 0.615596356076811 0.597285735720133 0.577585575119052 0.465906152353225 0.532051666748935 0.652010432347186 0.46961767718725 0.520087918060999 0.52812367483875 0.446904162657817 0.639264802440999 0.573084978587416 0.643819260463282 0.499702373961022 0.45740794439082 0.617968193041255 0.594331217806291 0.567404692573168 0.559703059253914 0.429718450712571 0.51468521787005 0.489395377174234 0.623114087137681 0.692374024206718 0.630676190241795 0.508150826056635 0.638672507332323 0.656970068612623 0.615788331629416 0.62041817944975 0.652048834940523 0.498707761822929 0.492960076681622 0.570727866142958 0.469236283568615 0.484707202009015 0.579857422005212 0.656916280805992 0.67242695672798 0.610170562074086 0.636868660382229 0.620973654368963 0.462449548000943 0.458945259484557 0.480518757776852 0.651221919489709 0.675466808594625 0.464534192925203 0.571483491315662 0.630148531663992 0.645396835663406 0.46317885782738 0.45206937787808 0.506797284960113 0.438693046100193 0.524567140726571 0.632114233183632 0.597491194018479 0.54421943704023 0.512940812482408 0.65159423735779 0.620896580198239 0.599813616705757 0.64425807454767 0.651358241018573 0.667632422729407 0.666218836446855 0.668455432039511 0.66877058008031 0.584326052309272 0.664536316491302 0.615224698716054 0.630895849140467 0.609618511364408
0.605638379806167 0.516638443711799 0.650848945839561 0.550666888951194 0.492537947290491 0.652599234858238 0.564699323143553 0.562369006065039 0.649567503797195 0.471045682949299 0.458896265089163 0.40602075911486 0.631836427463426 0.626535400972326 0.001 0.565904616743933 0.99999999999998 0.692035093292342 0.538714977247648 0.445811848423637 0.680454627814906 0.367191593522667 0.477502471405437 0.510958073973447 0.52736147972528 0.58028506644663 0.51961509592009 0.501005729403635 0.26273100521147 0.696174594100682 0.577278369611063 0.585147979422297 0.637440674294662 0.593171046302586 0.586007047809617 0.546640183613892 0.629876981821689 0.533057460938436 0.633595952889231 0.464939938293013 0.603056563937217 0.502012458484012 0.776078998444785 0.519120711314047 0.670402440450671 0.628017284448756 0.544414139920559 0.612931755430869 0.512048757858034 0.528768170191053 0.619503006067124 0.494711936632155 0.528911966902961 0.534784229963654 0.563821653703898 0.667681362631616 0.378622951435342 0.343473481412195 0.563930963175792 0.423020788572752 0.448349745245044 0.544521184678016 0.549731136420923 0.578509546360096 0.5721802343528 0.490441110443952 0.641840291596112 0.598129258316143 0.501819782160832 0.570108586122127 0.486851944102102 0.555748843379046 0.570275141739544 0.597518835311189 0.647962120384014 0.360261358090861 0.563706402009616 0.532105945487375 0.596691326448753 0.570106501706518 0.571804763837628 0.485432774025903 0.481916237340568 0.677802882215857 0.589342826718224 0.606423993093405 0.5481545402836 0.554622025143342 0.561009083938691 0.505172941732623 0.47191186458393 0.650098433721172 0.556663783278553 0.487965709826598 0.419650283335432 0.663437686062123 0.554395569524411 0.392698092851406 0.529997273152719 0.486615383365581 0.590187865019297 0.582697585979023 0.500886650153509 0.333500141594276 0.557296683427807 0.480864271447154 0.492602846583258 0.677206804538352 0.473970613535068 0.573589371772536 0.54391828091027 0.676956692736442 0.653869194619643 0.501490364624785 0.585396093881723 0.584550972459567 0.573149215977989 0.581920443264484 0.599044545173729 0.49235355285759 0.548357752455311 0.520923924160397 0.602730106399234 0.536556411621089
0.680447065436828 0.607147775976132 0.693519982737512 0.699698765933516 0.598538308187441 0.655844081087163 0.646899720089074 0.625108179818733 0.683605020488583 0.58294597086913 0.578623219799015 0.525620733862313 0.708398960655223 0.668052537490237 0.001 0.667815174795801 0.692035093292342 0.999999999999879 0.65654650809014 0.559878759405929 0.709683108661014 0.495492716467271 0.593025292843434 0.634060492575718 0.631048279044459 0.668330845811884 0.635027200531314 0.610262657065794 0.380580897201694 0.658187900615183 0.705385092396271 0.635847253695971 0.688658433218913 0.703542715782429 0.611335780474363 0.64704494469978 0.665544968520063 0.648238356173857 0.659380562925574 0.597401554695267 0.563798508540793 0.609976891109483 0.743235762487585 0.577682949669641 0.734119835752534 0.659550104736995 0.580492779085701 0.619274375688969 0.652598906438275 0.620163148634003 0.663757335854208 0.608365418575696 0.610964473329046 0.559901631869891 0.612704492789875 0.715101771897878 0.482688927553124 0.477232654666729 0.613144328253167 0.504370209711672 0.58561345618577 0.625548042872978 0.63814784383816 0.611961304961363 0.562916805641658 0.64753498187045 0.697399176619461 0.670253323800899 0.621636069191328 0.541846842793553 0.564881740951627 0.5751260937149 0.645962750442843 0.69612210280614 0.723738850838607 0.511313113420625 0.63743229983104 0.645912284153543 0.661129194809828 0.658669497717656 0.63782455466907 0.547574414503066 0.535310431529094 0.656324263655946 0.578531831762423 0.568155224307574 0.635756387923537 0.668394348464064 0.657159753970025 0.60989760092141 0.595392758949982 0.704194248575199 0.558170783995701 0.532755358274043 0.51579804461315 0.699354475186388 0.65468316569344 0.48592118328115 0.646601171725454 0.611443539512463 0.676062815822986 0.571834141083886 0.538240933811234 0.476332193505475 0.548719208859593 0.562932262875415 0.611739651629619 0.753765763785716 0.597832854651532 0.612183866816335 0.646370013531446 0.720388900401915 0.715706285046989 0.620256253177692 0.666391878808037 0.657051673615949 0.665376332837626 0.662572261343657 0.683642602328336 0.572140249068988 0.66352484034133 0.615518514848531 0.676787098312235 0.636285173559369
