1.00000000000031 0.744219354233741 0.839855893481723 0.573226064283674 0.582962934066373 0.625290782832603 0.622536255830296 0.574298019642689 0.620608618611341 0.537934357339153 0.557296348097476 0.497926283613564 0.607441929880105 0.524047382456279 0.001 0.562083907819128 0.490851581714101 0.579064625139474 0.542513471814509 0.529961268428954 0.586857364459335 0.41486824146347 0.532909257386648 0.532175375112148 0.533924782202924 0.633224707313368 0.593049887518314 0.529242488887521 0.299986464579983 0.499642725610218 0.598855447303217 0.58034666259851 0.63468284003304 0.654977427151922 0.487076042943632 0.617845624007201 0.535530068669822 0.632719256210346 0.476542033445376 0.547251583407124 0.44922939060015 0.510526485281223 0.58169177136271 0.45643034227054 0.630353632778886 0.480558907373889 0.464429378804335 0.515980971166346 0.548919706313627 0.561568621722685 0.637961409436209 0.50933904244128 0.525018674739581 0.423286217517951 0.509568062904733 0.645650150122513 0.380122841797681 0.401715764452189 0.502973450578747 0.380494327402122 0.564830401330738 0.531281775414902 0.650886979999117 0.463960610366665 0.422406779187529 0.543886464418496 0.548533756226861 0.516763837014086 0.464924723733124 0.398342075428384 0.466342573262026 0.449978720697875 0.578583521791675 0.649283346309439 0.594716486525282 0.375812779971423 0.640743069803787 0.623013732654306 0.594380888543413 0.592229624958418 0.620728439304054 0.443804992775433 0.435885275528344 0.574968297033767 0.452968210950621 0.444216716719465 0.560012143096149 0.658058855918376 0.81599181354848 0.541500613071001 0.578265950826402 0.585085008163144 0.441202690637791 0.421805540773609 0.400645308925717 0.606504118647174 0.621160693294458 0.390797441747006 0.507410868781159 0.54719613308469 0.615906401049312 0.441142201015563 0.411835068342801 0.363436403627812 0.412763356484986 0.450490008793486 0.602906230638749 0.54905717211718 0.458219933802478 0.472596463581544 0.617767875881483 0.597442091038721 0.564352725909062 0.601030413952753 0.627946524882158 0.7426771477966 0.805538766431318 0.821460546904013 0.781052488153367 0.544273287624738 0.652389568289087 0.61434219043755 0.658697730897404 0.608314217437641
0.744219354233741 1.00000000000007 0.698857122471954 0.539715684614455 0.543696877997887 0.526058542885784 0.560388642583686 0.512865958998026 0.531395543147231 0.50519998756062 0.554711974360301 0.48963957439256 0.530517623516766 0.433625308965812 0.001 0.526153039794325 0.391740063863506 0.49258843830217 0.482104896984983 0.505026890598883 0.485068511261986 0.41307644926832 0.498629657868178 0.501770050782162 0.493160134560722 0.562822426470419 0.550587379230793 0.507555756714826 0.315963370830239 0.414552544224317 0.53887511214325 0.500838715770838 0.525913781183721 0.572746524412181 0.398838880784312 0.564962416259727 0.446499651553596 0.566927498594575 0.393246122536823 0.501753264112884 0.366755994060712 0.486318082540798 0.490149805140719 0.3902224064054 0.528384698787456 0.412079784583294 0.383533347829084 0.423948458403293 0.523025144693464 0.506793131413063 0.566635672860484 0.459202229965604 0.476638495354727 0.351357423486074 0.427025911611453 0.526749376904906 0.359072274609263 0.397999717460617 0.425222675077211 0.334454772965529 0.54319296607233 0.465405927729169 0.598883151321174 0.377415440941203 0.340651564808699 0.519878945142374 0.464843563777144 0.445081620912408 0.421462959744168 0.321023344581497 0.410749471265311 0.373197649083236 0.505395618853763 0.559912678569332 0.505156805911616 0.366240923242831 0.577892055676444 0.553491723562067 0.49826361167854 0.517715055493059 0.552834478954913 0.390704676507171 0.390147730418071 0.471281501445845 0.36484277492744 0.364459754428233 0.483043825356744 0.585034167417383 0.76167870757735 0.499726235313486 0.550708111002506 0.486028740003079 0.370393431268674 0.365134700144233 0.355505964174111 0.506623230818948 0.578250937052187 0.357620624314604 0.444559932965949 0.522786808581133 0.533201989215907 0.361818331701337 0.343272495105856 0.366469553358148 0.336069095349983 0.415630743259618 0.552358664430341 0.465455846236148 0.421689216888558 0.395117884294875 0.557953779543063 0.507282069240188 0.473299524958135 0.547764222915881 0.545434510892543 0.657794990681645 0.712076303918568 0.74176527124422 0.667052040513687 0.518750211139649 0.588491275276851 0.571656307629542 0.5726598740345 0.553537184930639
0.839855893481723 0.698857122471954 1.00000000000009 0.542838633138956 0.536703267535922 0.636558043265019 0.5976630444412 0.572361526041973 0.638736808459203 0.494560704101966 0.517069648577228 0.445931522864737 0.58497566799875 0.511180216188616 0.001 0.558706281074995 0.543649922233241 0.594915045535125 0.504532660075768 0.488159146041447 0.59128880723686 0.366090699218565 0.502908732880429 0.488609792851463 0.524805148882983 0.61680760848008 0.554321806972324 0.510046244750961 0.245828321445034 0.50604820043586 0.570624679599734 0.591970700714824 0.636774615663744 0.61168576080431 0.481324923142043 0.586658322080825 0.517701836451205 0.573889303515206 0.47342803676872 0.482764120370218 0.480229824838006 0.481734912383681 0.615851105884977 0.436789990763053 0.614184955639187 0.499674646202631 0.4563132725975 0.526165832782317 0.502825648848219 0.519298780192965 0.654653032715339 0.452166640504908 0.490985947598768 0.417826558633703 0.488493643173454 0.668114529664205 0.330029224900587 0.342911840350683 0.482626798388061 0.344495277658207 0.495502019874451 0.508618249315252 0.640230646532934 0.466143163519727 0.442704661131087 0.502890632697086 0.538902914592307 0.494375424385264 0.422140487430826 0.419202574767252 0.423685604037411 0.448365841521616 0.552908918782562 0.612621740229498 0.578141455846066 0.318863680283889 0.635884689527557 0.584291490593957 0.575683636626518 0.57261359659707 0.62116220077314 0.418706576899716 0.408484995940093 0.618072730500515 0.463502135228921 0.470915851151444 0.526813167690002 0.614830846067206 0.76289971819905 0.495184011876941 0.517866326779445 0.567788612855515 0.433576041920432 0.400217168057899 0.362214858547426 0.624365956883992 0.589137646959527 0.346550130589732 0.463991942203821 0.506337053554462 0.604842408171093 0.448472187246565 0.393582932798068 0.303164576379548 0.429309461598991 0.427494679942498 0.538342020482742 0.572813486511891 0.408029325283662 0.465079454787518 0.574268004723434 0.594410358139779 0.547625337391992 0.543195604217275 0.600223520929614 0.726738628181358 0.737721937971206 0.788651520781733 0.755705536784091 0.528653410854835 0.615211612560885 0.601658108195275 0.640477359025926 0.588338406554511
0.573226064283674 0.539715684614455 0.542838633138956 0.999999999999845 0.546695863251098 0.511489012886889 0.555586813782225 0.507604627269058 0.522074147913662 0.519409874312414 0.547715424859125 0.485087250068136 0.588834988196287 0.51620438243519 0.001 0.586926725901347 0.428853365927071 0.60245041906567 0.579788915595585 0.517653338417807 0.54313161682253 0.492458761032357 0.536111853758275 0.610168397307602 0.556608495597477 0.559249829843752 0.621231137679262 0.557626500289452 0.400053783717139 0.475156409584325 0.623319453620366 0.510954704408715 0.56960205992554 0.653321682642002 0.436036117595782 0.61652027697411 0.525461773262496 0.618069307142145 0.460566202553493 0.590750588517073 0.343529039570351 0.555723475682138 0.540984661924488 0.427542233914355 0.619008172206544 0.466879334088978 0.406297784393716 0.432652413385478 0.671219102774122 0.529621493681894 0.499511471057971 0.577198751068196 0.521476180054523 0.374728634132886 0.463055926903878 0.55167502801399 0.426612914246625 0.487649325489437 0.465753996758998 0.380094167760295 0.605062328810134 0.489601365299354 0.540412476816469 0.416387433728199 0.35380168400427 0.621346609408905 0.558248771132244 0.542133264515354 0.561346049356406 0.314887314967331 0.46011396632553 0.392740662348883 0.552906729980474 0.629256825807915 0.603939269536782 0.479732992768608 0.534081045177537 0.597029441186844 0.527252174311415 0.56790201053755 0.540045727039551 0.419831825970689 0.422161791791088 0.450156502978828 0.371767281051886 0.35717373977695 0.517249793014345 0.604822221579052 0.600176754482327 0.574007833287908 0.594172721173048 0.551360249820368 0.382688266374077 0.379442406927935 0.404112745640443 0.576243070400336 0.602358631825477 0.404990680582365 0.548806989445044 0.567259161836169 0.535900351900446 0.365716012247867 0.36963363928935 0.497451266142076 0.330197449478752 0.47266706754544 0.589140332327181 0.516764856775664 0.556908424867142 0.442536959304366 0.587193586648798 0.546432315680257 0.541605064900337 0.590529372268584 0.56971222773378 0.574451122606461 0.590422943215558 0.572380275275364 0.578436144820505 0.489080494389649 0.58297809109688 0.522748650201046 0.533047489905467 0.530317057076829
0.582962934066373 0.543696877997887 0.536703267535922 0.546695863251098 0.999999999999803 0.494094084855144 0.633708537843447 0.565994064344801 0.558221602837151 0.599346059244786 0.614199828818888 0.551399368701058 0.536959169145462 0.421780980824417 0.001 0.537490913625559 0.366063943109903 0.482705920981728 0.480296426503278 0.666074868735637 0.43907614444585 0.436903656186098 0.568023555007645 0.512241119486536 0.580861913115831 0.66015230952515 0.538111673327446 0.578604938688541 0.370168244792435 0.385211144003594 0.526755651778242 0.482206028365807 0.487638277800717 0.579074142670156 0.376524845592238 0.541497670201654 0.425215391085404 0.556428592208343 0.374699163660366 0.523178697351276 0.326119758542087 0.547716191267964 0.47767727616342 0.401368508032568 0.525970612565889 0.423770586680694 0.363289807961879 0.398218670906445 0.537161451433201 0.496724722380729 0.5307713564533 0.476593662005489 0.45629317178999 0.335711226082471 0.425970897584846 0.486190703888208 0.382041922029816 0.446400148948786 0.406025530266153 0.349093042885203 0.565709722988131 0.43518481282731 0.624181542308669 0.363229888371199 0.304458269529583 0.519065979509064 0.447263327590525 0.439696808056674 0.451243913057964 0.296152182071306 0.405932263904725 0.365805816694281 0.500135617547279 0.542121142671744 0.504105832207328 0.428387041944591 0.601144175623522 0.548306660521344 0.464340235282327 0.500722217722191 0.614885852751206 0.393641610207565 0.360190509716468 0.420395299053726 0.332411737059027 0.339416299997362 0.450815266601145 0.559184824059755 0.605529095075606 0.483251674800456 0.544091572549272 0.47338310663325 0.329614845257072 0.351776955342005 0.38715967523881 0.496798618628038 0.563200202836952 0.378489556096529 0.466678318359092 0.515789611839985 0.567349532325205 0.337005433119903 0.338534551374172 0.424648638150314 0.305175613123516 0.395393691875453 0.569012330258216 0.433467557738079 0.450185420932619 0.386202585063407 0.530231493602632 0.469847340938114 0.454152845712743 0.563200474990675 0.543668821481827 0.577484477252362 0.599694616297332 0.588264314085728 0.589083970006105 0.575860438589947 0.645483707144809 0.605157906656864 0.547451231117312 0.593714248410431
0.625290782832603 0.526058542885784 0.636558043265019 0.511489012886889 0.494094084855144 1.00000000000004 0.585582569588618 0.522315310488954 0.604259616564287 0.419869380920061 0.449447186305835 0.393248322698418 0.563307228371899 0.476608101153297 0.001 0.476202442220012 0.545725747059738 0.549580273929789 0.459333443792167 0.43537148530035 0.570552052202631 0.313429104366836 0.434426892082985 0.435746389114253 0.455939797619955 0.553361758647748 0.507782649826387 0.477384156880743 0.230176592035301 0.539154531715129 0.534951600663725 0.561749314213939 0.592867026444709 0.693601473530233 0.44819275490901 0.53708947927888 0.494549577310207 0.526900989244823 0.447068343909638 0.443574530439406 0.433233813284601 0.442286030493653 0.556689069054296 0.40478036356221 0.591229219370265 0.481540783597257 0.406575433003492 0.477936869405497 0.483150243101189 0.454141780939877 0.590891952821057 0.444905550185128 0.444525661744289 0.377179957684689 0.464447361290582 0.606040052379089 0.298828981831128 0.315043084153931 0.45680597242561 0.317685831854628 0.447973692964225 0.447795407427563 0.567520035241643 0.430420605416256 0.393177930314445 0.456223459105995 0.551042471885027 0.469751831256457 0.406976431746285 0.380352660596727 0.396776854134091 0.421040273952886 0.532247334607769 0.562958303066683 0.577070978711956 0.303728920022476 0.587158146887702 0.535132781237326 0.502548379270911 0.543596466666686 0.578402923181798 0.380571599744429 0.371836231078666 0.570905638360252 0.42174106055999 0.434983916774896 0.454979836005276 0.553454115869054 0.606107922873228 0.431626177111665 0.479594718897484 0.559641878426598 0.418707382870722 0.359268861974277 0.337985743156916 0.609027421053938 0.545200251980191 0.305512355792632 0.444553882330967 0.434953491902665 0.547309626659495 0.411142202284605 0.360238575755014 0.28854606002212 0.377627374255284 0.368622077641576 0.506982604054809 0.536609702727158 0.402510846934178 0.439244662288531 0.499410729553293 0.561713493536903 0.522183742611247 0.509441916415909 0.558649346718601 0.6061592410204 0.612814701795967 0.617227427532894 0.61303596857508 0.493156667192384 0.566949764861907 0.532297217081712 0.570334956530808 0.556218740707439
0.622536255830296 0.560388642583686 0.5976630444412 0.555586813782225 0.633708537843447 0.585582569588618 1.00000000000005 0.693386153895063 0.706678084486629 0.560714679777732 0.560184725900306 0.512451626278981 0.585934148911923 0.476349806126896 0.001 0.524238292756651 0.444443560356111 0.538974775590603 0.488734868390185 0.576061464181684 0.513227350389712 0.390819917314696 0.623133976196404 0.499117531830006 0.586195072387922 0.641776459142227 0.53893670965141 0.640191980189107 0.3091074773899 0.450442320892188 0.552195699635258 0.530788371861375 0.547089608297522 0.624495002623156 0.428493006250855 0.555849298655531 0.473198942091374 0.571553956844529 0.439106213440051 0.515589352374379 0.389093244583131 0.631868690662243 0.53583407875705 0.425011914497091 0.57125985584298 0.483508738566455 0.403803624161918 0.45647934650811 0.515217758866556 0.508411655913122 0.571919485865044 0.482590473003889 0.465931073496846 0.376559743764857 0.464586352945426 0.559292570527848 0.358267253164807 0.395680827423056 0.447727419415484 0.352864543633031 0.542337647118653 0.465692137795697 0.631928065866799 0.405211506387311 0.355379030753879 0.517734128906771 0.510988039962245 0.486321939756664 0.459267174055417 0.349201657896722 0.42367574047368 0.412473286272867 0.533613836693891 0.564354609289533 0.552097739624233 0.389118373573207 0.631798467502674 0.571109616924104 0.514666781268205 0.535417448865909 0.668028927386638 0.409633129236924 0.380562241935431 0.509376362768728 0.388633744337235 0.398604112525432 0.48115795453083 0.593862271163444 0.62459698107559 0.476167747030231 0.526493040784521 0.531505867225196 0.375388318684556 0.376467864995478 0.38296841281992 0.56136259820274 0.572677332308975 0.365878741548778 0.496486221933498 0.504069184775116 0.59508517427985 0.390101227642612 0.369099507104222 0.376774405755687 0.354446194799402 0.399853884565609 0.577351521723894 0.487918140413899 0.458401476322063 0.42341726601797 0.556487785437827 0.535111933498445 0.504470910487589 0.570814442695785 0.580333448268378 0.6190287006146 0.62107902153321 0.613280910404376 0.630495223997721 0.561885258016598 0.629061369990629 0.60885744413919 0.589634904010805 0.593039738134777
0.574298019642689 0.512865958998026 0.572361526041973 0.507604627269058 0.565994064344801 0.522315310488954 0.693386153895063 0.999999999999921 0.693696729500091 0.513774315121974 0.522120177655806 0.459370948608138 0.531991405776627 0.436964855396728 0.001 0.508831880865884 0.441843187062181 0.51339362081715 0.432166826549561 0.509922390741229 0.495027018360217 0.334386387036004 0.598055482001522 0.450329680049546 0.59626960518904 0.582464578778336 0.484787700978625 0.630777963185917 0.248785311497096 0.433616136828547 0.514192187948023 0.486002145692564 0.520352756295071 0.534709115412621 0.389692380349615 0.506253240201695 0.440184682256086 0.497923809471623 0.407481552322473 0.434336733816967 0.371230832614525 0.600196756553327 0.53710271098971 0.372144677615531 0.532143784009558 0.460183514764934 0.361283280881964 0.42154242923616 0.46614527906058 0.45549869793495 0.575310408471368 0.421356328027269 0.416053986738808 0.34212252890171 0.408462742425836 0.52591685089965 0.296350128887655 0.325264802689526 0.397505430367311 0.296946414899576 0.464207214716895 0.419781090586226 0.593593235437409 0.371700572512961 0.339059230869146 0.449166181627666 0.462765848149249 0.433479651498889 0.394475174246615 0.328322218094035 0.367870243862716 0.373375993118778 0.474389017522695 0.520034033778443 0.495669836132475 0.310803707518101 0.589897938343217 0.507735352100051 0.471694026330031 0.476159751882458 0.649752921678098 0.360822627501813 0.342901608067898 0.493119842402048 0.360626238539945 0.381917289251545 0.430925311949239 0.521759107852672 0.563364682512015 0.429791162441873 0.459766417124957 0.479809193395882 0.34043052776923 0.330565261969033 0.319371966737599 0.525806450630949 0.535318701860353 0.307337644357613 0.423560908179283 0.479266221098625 0.59934765868307 0.358625404652851 0.326460112032131 0.30543310575541 0.32968615402074 0.365164486290454 0.49296854989744 0.476623285951661 0.384155591883054 0.384670081061511 0.509507681349171 0.515062738120202 0.473404256177921 0.485922690716747 0.522064000353474 0.569953409895595 0.55650002129622 0.564891428131362 0.572674675346732 0.518245942033995 0.567211157725295 0.578807604623421 0.540905171633565 0.537826876008615
0.620608618611341 0.531395543147231 0.638736808459203 0.522074147913662 0.558221602837151 0.604259616564287 0.706678084486629 0.693696729500091 1.00000000000027 0.497218107418825 0.488651833466244 0.414065090070825 0.57704063050094 0.495690926048918 0.001 0.518311177973592 0.542131627357372 0.582881937128621 0.464522108374722 0.474380876311229 0.596645245382894 0.326627799652796 0.546561729285529 0.458335473943209 0.583064698932293 0.601604668014311 0.492945314902479 0.596927138630026 0.225729273499932 0.515689143057959 0.554576436143607 0.524729518970968 0.585063630911644 0.578638680952095 0.453208749324996 0.521576309871412 0.502979655668975 0.516064109868971 0.479434382774291 0.43637137683427 0.455444830465747 0.584028406835147 0.606557200778164 0.407868732472871 0.594761930367834 0.52347621058269 0.423047908122851 0.494508156772803 0.475688121542066 0.480950470317882 0.616496276577314 0.430478324301213 0.454065389767291 0.396664425533728 0.458243756714002 0.601439504504972 0.306019210507084 0.308304160972623 0.452104030225829 0.322797243813095 0.44258050550214 0.458231174546544 0.587273766070152 0.435148729181586 0.417651947465628 0.466643973725696 0.535396306370113 0.492829156500268 0.421877394527113 0.406310326842973 0.402105501912204 0.428153478312679 0.506529143143292 0.555851999772931 0.548675164620592 0.302371442954388 0.595682123054025 0.521338379954346 0.518298493277253 0.511179957745751 0.637286887840904 0.388442115702549 0.389631096810194 0.580764156780528 0.437373270044675 0.452105785761436 0.479594985537066 0.545143404958988 0.581541590595535 0.451160729535092 0.463561470205297 0.545537502406551 0.413539483345322 0.379352027396003 0.332855268622911 0.586747855967779 0.55168997834912 0.322200325676403 0.458580471004132 0.466485857042858 0.607857324259345 0.43491099698509 0.375445683151921 0.292140557173481 0.406641740062733 0.393318428791845 0.493101728588636 0.577792001740633 0.403199713256902 0.440319653680475 0.523846921651401 0.606031148932124 0.54655939488042 0.488140682979802 0.545194352732769 0.589589831472064 0.586631528325345 0.593338067318166 0.605562106969335 0.520519264471692 0.573554140356839 0.5622355631931 0.584285779795855 0.547252663742836
0.537934357339153 0.50519998756062 0.494560704101966 0.519409874312414 0.599346059244786 0.419869380920061 0.560714679777732 0.513774315121974 0.497218107418825 1.00000000000014 0.604097134229577 0.520591145805642 0.493064717409042 0.424073939085267 0.001 0.487958387150237 0.343605825200852 0.46495952938233 0.491866160486722 0.582505934245056 0.436293404174416 0.481337447029404 0.542162297882067 0.514977919934618 0.528837290982038 0.6443423188244 0.526645453424846 0.519149333958813 0.371664840487585 0.361967552081492 0.504482778396511 0.411488269091044 0.455462386847105 0.510205727697447 0.389107395781151 0.534159618483611 0.447883426255666 0.585332798259441 0.374087882108474 0.541266887902846 0.320916667712279 0.510782912138587 0.471438130437618 0.389543981720178 0.486996174267721 0.385830445790812 0.393783106860731 0.393025175291479 0.519018646336994 0.553879285529611 0.51672083306049 0.476038642454883 0.503676281414401 0.358064824328713 0.417408515024807 0.460004248128928 0.42866030158933 0.447149028553889 0.420813269917655 0.371174583292683 0.560459070379891 0.454212375665823 0.542947662872727 0.385817647794269 0.337392848179009 0.541269973822451 0.422356409655408 0.456794350593112 0.453597533362761 0.302096839047291 0.440210391898469 0.353128913648205 0.456489572465108 0.525219971711566 0.471883632396182 0.411071777772555 0.509812945691839 0.514103366233441 0.501206190164164 0.4697939506873 0.519009394748957 0.405399902725349 0.405858841007232 0.392654579620999 0.353731315871709 0.316954924911054 0.508678169186399 0.548623730824279 0.532801426137386 0.530109304695734 0.535020681917415 0.443333616894865 0.364858438168919 0.384209350104771 0.373237208732321 0.436867399233945 0.531453169074141 0.410429703386967 0.460492932906581 0.551621292931313 0.53947408338717 0.349110398613105 0.353066230788279 0.424913266029983 0.326874290233085 0.462777792683669 0.552663522362679 0.447348043588136 0.447271856226286 0.407498061358737 0.567130498239506 0.479504593976368 0.455953802479032 0.530462738783099 0.494730177280964 0.49237469522072 0.535662593124651 0.514748548223345 0.531431769500123 0.513226456790392 0.547604897220683 0.54414240404768 0.5296065209121 0.522632090545991
0.557296348097476 0.554711974360301 0.517069648577228 0.547715424859125 0.614199828818888 0.449447186305835 0.560184725900306 0.522120177655806 0.488651833466244 0.604097134229577 0.999999999999982 0.582901803529821 0.510664123628626 0.409458800588852 0.001 0.524308235526676 0.33109790811907 0.46007448951808 0.483497129473495 0.629578420541417 0.420772734212981 0.49866114523592 0.571094647053166 0.521657020923022 0.546715345226215 0.621010449750677 0.545302908155323 0.574270616384347 0.402279518711703 0.353250488265775 0.521919116000651 0.458509900012509 0.460507615904128 0.556274553603714 0.372390944149655 0.55245453725439 0.419517631300325 0.570048396766188 0.364322830238682 0.529501720991602 0.307606141384475 0.533776563120477 0.459187177376013 0.397070130381951 0.497431912041287 0.395855170457831 0.369226293679151 0.388134227644591 0.551785578944795 0.519775600383528 0.530555765483328 0.485165883462231 0.492150973723412 0.336079429316998 0.418914500642537 0.455734588974242 0.416197910908468 0.479112646237377 0.404929881727781 0.357647794357553 0.579101288459703 0.458683260022592 0.59173229205306 0.367501463470337 0.306439213878092 0.535423276089777 0.42338572401398 0.440053416933729 0.450028287852831 0.284158249250139 0.41593183622688 0.354670534391318 0.489653805252384 0.532659383287537 0.491253019077148 0.43914986279239 0.563565257163861 0.528135924103777 0.459634931370626 0.494689648605427 0.603945611322741 0.40497072686959 0.373426631487423 0.399039043362939 0.330330899434151 0.316708739979776 0.455410372902455 0.556284757527059 0.601467326742814 0.499906365852961 0.548545115409471 0.438557844923168 0.325307955161835 0.359451832435311 0.392615704645533 0.460432450504789 0.54628102326058 0.398901159712805 0.456088443347196 0.579338499008429 0.612540379927918 0.327918927481813 0.337961605707121 0.452126658710962 0.301753742299614 0.435652780835159 0.54913508135443 0.417749657968054 0.452911059456279 0.384594977166818 0.535692913283672 0.45008624270844 0.438305099939628 0.546041061766773 0.515392522031316 0.551798522667084 0.568832841567682 0.559845179611755 0.564952605952623 0.546917493894203 0.599489688639313 0.601538997111956 0.53936938268144 0.559734542604012
0.497926283613564 0.48963957439256 0.445931522864737 0.485087250068136 0.551399368701058 0.393248322698418 0.512451626278981 0.459370948608138 0.414065090070825 0.520591145805642 0.582901803529821 1.00000000000009 0.461297480776725 0.370728676741352 0.001 0.441006823969522 0.278298516271016 0.401440015033572 0.44157670978236 0.556493036426357 0.34826871777556 0.460227601110441 0.540299567871635 0.480172093608808 0.479911685945572 0.535411111148425 0.489952001708694 0.507138335869594 0.414846953356088 0.305932890679879 0.439142983298873 0.420862230284548 0.399351376259176 0.501898984483317 0.338216772461469 0.470756519288276 0.382956907407546 0.538803048285748 0.330096343685786 0.516560172236104 0.26973835767843 0.48403221286378 0.379662916279989 0.381888737515136 0.436094513702521 0.347996540401719 0.334110722070576 0.348776802697556 0.471423865134546 0.520421962488425 0.484170710513961 0.462134585669826 0.43406461245026 0.321073334708401 0.396117241741648 0.396678527869435 0.400150800305053 0.471651141339656 0.371274825935966 0.352236363394721 0.563274598209269 0.424291385691475 0.631165506719179 0.326886915019368 0.256467411381189 0.472336908785459 0.371537198945237 0.386132214126681 0.415990589078351 0.25254516939095 0.388412658714362 0.330109918439985 0.459748749248507 0.48573982584437 0.438544196224213 0.458445069351072 0.588168409467914 0.494744643837303 0.41407839512868 0.456439809267268 0.509105664935972 0.379973968647231 0.321431666145131 0.344968538961424 0.289312425733447 0.284786950674541 0.417781284976478 0.513367226457287 0.533916719905901 0.448104328938411 0.502350841915725 0.396891472313569 0.285062505881364 0.333395327568802 0.391639606803575 0.407844618163454 0.476344891632825 0.389419964926689 0.434901589134441 0.488560528011113 0.48945148099974 0.293590309646443 0.315742355292203 0.442825180552206 0.26739272228147 0.370763408765071 0.526706564653171 0.34122490754563 0.428316963252637 0.347250357146952 0.499171551891941 0.377495354260197 0.389209914196066 0.531333836908863 0.493117372569286 0.505198113525893 0.508988768266126 0.495900986993445 0.511053185668137 0.557766237102087 0.627421691298402 0.647473346757185 0.558352044766789 0.594878481396683
0.607441929880105 0.530517623516766 0.58497566799875 0.588834988196287 0.536959169145462 0.563307228371899 0.585934148911923 0.531991405776627 0.57704063050094 0.493064717409042 0.510664123628626 0.461297480776725 1.00000000000005 0.621977336207331 0.001 0.526104364340253 0.521252684952225 0.613108125438078 0.62255047968462 0.491863659812097 0.606450041078093 0.414199118420661 0.508910566752642 0.597581686788936 0.52806065309246 0.608620795444315 0.568132818908107 0.520248428153052 0.301562055329596 0.581661621195557 0.628670098638393 0.546805747182143 0.608820023511921 0.65720459684851 0.537906937938421 0.589248465009654 0.611704924513943 0.61923756532428 0.600765195662222 0.570918711322975 0.461131162781216 0.535797731848971 0.591872061945928 0.509552681936123 0.690435418459582 0.612270145585904 0.482845290424595 0.529771886841284 0.605701609189107 0.587315442597769 0.571253017712332 0.574204135976822 0.538959676138231 0.471229829750667 0.539451388431504 0.634439369652847 0.408982929750608 0.404313857370234 0.554888325489161 0.424981558750857 0.56590329763989 0.547460066839972 0.575614797033247 0.513409137488221 0.447638634597088 0.524510728771458 0.662960813116795 0.628999136144375 0.591754591111293 0.433928388191318 0.505109051392496 0.490843723960768 0.604182693921731 0.659741931041051 0.702903831084495 0.453196771239651 0.573742740639119 0.615288387377327 0.604465377255141 0.599373664445357 0.563405533071006 0.481231051583332 0.447859506557261 0.557633369656218 0.474396303211863 0.476550496746789 0.60531899973184 0.657350213262515 0.605244898738796 0.552411365792325 0.562258064085679 0.672872678648577 0.469828626034946 0.449364507976806 0.448220188981857 0.629696046517247 0.595473741234314 0.410299372296848 0.603367370091935 0.537083210870886 0.58362867202246 0.474988492416474 0.453888940740165 0.419004555598209 0.43404468638729 0.470656761732441 0.599305512831662 0.553654137692612 0.578609172614816 0.536523837536781 0.614561382186752 0.635412983599825 0.660827676979882 0.61788787970889 0.656455355086735 0.579866265556973 0.617282762547872 0.585738751221607 0.618342900300452 0.496662831345287 0.623456493846644 0.54276661650509 0.635351837632879 0.572250587530592
0.524047382456279 0.433625308965812 0.511180216188616 0.51620438243519 0.421780980824417 0.476608101153297 0.476349806126896 0.436964855396728 0.495690926048918 0.424073939085267 0.409458800588852 0.370728676741352 0.621977336207331 0.999999999999974 0.001 0.443297617091377 0.515057766997949 0.564154084477428 0.568510131372641 0.398904152562405 0.582052021727835 0.378891994556787 0.416335199993825 0.502190827271305 0.431832102192563 0.528636101468149 0.467131716229003 0.409554636298035 0.253999098317151 0.57473450938844 0.535478935640252 0.484602363283695 0.542238899727421 0.55691610695344 0.600417714297641 0.489954884176359 0.650728381807554 0.556991389091905 0.642745915010627 0.490398667393981 0.505704760549712 0.441821890242096 0.567134662153888 0.538809755909262 0.629942158112558 0.524862987731093 0.561742927606417 0.580343962322508 0.490111322440444 0.583219686711993 0.48429556672851 0.538636162278574 0.534378699738392 0.536581277765844 0.583004741975137 0.563392591340518 0.419947517937323 0.355771072895992 0.602616783929253 0.460432204147413 0.457009532100263 0.542579927469947 0.453366665663209 0.555610250382925 0.517555276295346 0.46866299380844 0.599056116113847 0.647102638561459 0.56916854366994 0.498453862660673 0.518807862592723 0.52974444603835 0.548213782968231 0.564992990058989 0.660194915718141 0.404629701355932 0.451833107594139 0.51416040897013 0.603314403155707 0.540723376867786 0.455316940776856 0.507182015552366 0.468455840629679 0.547678645948041 0.558570712246589 0.495278389215324 0.582233833062637 0.555622563368795 0.497127821377228 0.508886764952717 0.455320707390776 0.621798002488368 0.528034173669206 0.524955266041394 0.442753608000114 0.554352068333788 0.480139128370047 0.439895688738484 0.588093211828055 0.445198362450785 0.495736640425936 0.556862017711312 0.522748510372425 0.365699829953827 0.525423481986004 0.489648477857147 0.480399533302398 0.530224230457138 0.530061924284579 0.569344290210754 0.540774151807483 0.602112377944071 0.669731470287341 0.49485688646425 0.564814028769607 0.477587282115124 0.511983270409151 0.483572370520017 0.518952678076428 0.391212492014009 0.481906325713864 0.429655397700953 0.547134553040901 0.458960782243466
0.001 0.001 0.001 0.001 0.001 0.001 0.001 0.001 0.001 0.001 0.001 0.001 0.001 0.001 1 0.001 0.001 0.001 0.001 0.001 0.001 0.001 0.001 0.001 0.001 0.001 0.001 0.001 0.001 0.001 0.001 0.001 0.001 0.001 0.001 0.001 0.001 0.001 0.001 0.001 0.001 0.001 0.001 0.001 0.001 0.001 0.001 0.001 0.001 0.001 0.001 0.001 0.001 0.001 0.001 0.001 0.001 0.001 0.001 0.001 0.001 0.001 0.001 0.001 0.001 0.001 0.001 0.001 0.001 0.001 0.001 0.001 0.001 0.001 0.001 0.001 0.001 0.001 0.001 0.001 0.001 0.001 0.001 0.001 0.001 0.001 0.001 0.001 0.001 0.001 0.001 0.001 0.001 0.001 0.001 0.001 0.001 0.001 0.001 0.001 0.001 0.001 0.001 0.001 0.001 0.001 0.001 0.001 0.001 0.001 0.001 0.001 0.001 0.001 0.001 0.001 0.001 0.001 0.001 0.001 0.001 0.001 0.001 0.001
0.562083907819128 0.526153039794325 0.558706281074995 0.586926725901347 0.537490913625559 0.476202442220012 0.524238292756651 0.508831880865884 0.518311177973592 0.487958387150237 0.524308235526676 0.441006823969522 0.526104364340253 0.443297617091377 0.001 0.999999999999815 0.445790299847139 0.563869661587503 0.501126433151967 0.490239819072033 0.497614912526359 0.412225203751917 0.50366052845272 0.562766376090965 0.551934571029086 0.547147951596415 0.550811301458512 0.522110552474947 0.316328468886456 0.438488899128587 0.582494159375682 0.504220107484973 0.551309365771351 0.555189591524912 0.386365668711618 0.550414758335542 0.450086802861023 0.537243631486521 0.405591910279915 0.482968316083044 0.340046814883319 0.521699106823326 0.581590868796232 0.383080016612802 0.575779600613748 0.439202498128823 0.358819646805678 0.405081384609646 0.575214115615538 0.466897885809585 0.502343540418828 0.481273072439219 0.458904141599317 0.338297932258085 0.408427626105139 0.545027172585375 0.342128593431304 0.395456852243059 0.404155383506971 0.318887284441124 0.529970363262866 0.453838175026265 0.535336376204039 0.373642977878132 0.329575117035486 0.50509230221522 0.477898314992791 0.447468094877249 0.438873822078828 0.301627015795908 0.389640076798577 0.362754020498447 0.511071165475858 0.593520567302041 0.519894932643975 0.382639001865031 0.529273701617025 0.550919696320417 0.502565859316196 0.507936278246841 0.545072726617131 0.37258806829215 0.366509228159008 0.451191595971494 0.34173437063255 0.357832726561341 0.461467678015853 0.550855690952592 0.569403361547793 0.496072187506839 0.527153672350159 0.508581736142362 0.334741854366851 0.331148072485172 0.353452845901925 0.544092069260233 0.57305960780901 0.336885162879795 0.452039518288578 0.519277793209652 0.537198776208251 0.335491228085897 0.324130003852682 0.381193486309957 0.310605170729223 0.400298620219814 0.52157793856478 0.481508015002244 0.421745550960165 0.387767421162162 0.54453354472975 0.508492162043388 0.484166069368501 0.535854224621663 0.544253700080884 0.563650705444013 0.561957929543279 0.564636954980136 0.565014746012851 0.466522332011701 0.559945065520656 0.50191322206443 0.520151905314331 0.49543541024453
0.490851581714101 0.391740063863506 0.543649922233241 0.428853365927071 0.366063943109903 0.545725747059738 0.444443560356111 0.441843187062181 0.542131627357372 0.343605825200852 0.33109790811907 0.278298516271016 0.521252684952225 0.515057766997949 0.001 0.445790299847139 0.999999999999972 0.593108318941562 0.41570515639526 0.317781819124342 0.579073757633229 0.241302375948529 0.350308583788417 0.38564214848295 0.40332792770254 0.461950700436621 0.394946776472281 0.375026680405582 0.150057708222528 0.598149061268101 0.45855781685047 0.467453816730365 0.527825678045968 0.476575044233054 0.468427979592751 0.424410122008116 0.518960278056535 0.409523699516865 0.523313740420388 0.337302795606776 0.487884899931279 0.376096503877832 0.697864578973412 0.394413647298047 0.566972169480219 0.516787331444113 0.42195968153662 0.49926077963084 0.386810812129589 0.404855452470443 0.50687338142201 0.368358892310864 0.40501169731085 0.411407483252965 0.443463650486453 0.563709338117873 0.252031663341745 0.219487539669676 0.443585658683781 0.294977624969551 0.320352012707981 0.422077421026518 0.427819597034785 0.459946235578639 0.452821782655948 0.363854456798142 0.533002815561662 0.482237860439178 0.375891682388459 0.450497023571275 0.360081652039597 0.434480475735385 0.450683798039193 0.481539625538868 0.540231286677309 0.234865324360358 0.443335020480176 0.408486754709376 0.480593553276933 0.450494686264998 0.452400175599646 0.358593078328643 0.354912427266162 0.575874060718711 0.472216343121903 0.491755357941281 0.426079526306451 0.433230912465233 0.440327749949619 0.37946090206412 0.344502780899196 0.54276053853366 0.435495862027032 0.361251160200324 0.291648018443021 0.558631882941638 0.432979917179205 0.265429788198465 0.406191529874896 0.359833395999386 0.473177462031612 0.464678423106396 0.374900197675138 0.210498999231247 0.436198654309023 0.353813548345848 0.366132392015431 0.575155531858552 0.346637442222104 0.454405103896808 0.421414408322828 0.574854118941929 0.547233367843495 0.375541576669606 0.467735111042778 0.466777178041631 0.453910365083574 0.463799226593863 0.483285374743948 0.365869484001843 0.426303691611043 0.396359202781975 0.487510156474034 0.413343461058106
0.579064625139474 0.49258843830217 0.594915045535125 0.60245041906567 0.482705920981728 0.549580273929789 0.538974775590603 0.51339362081715 0.582881937128621 0.46495952938233 0.46007448951808 0.401440015033572 0.613108125438078 0.564154084477428 0.001 0.563869661587503 0.593108318941562 0.999999999999828 0.550415735457623 0.439069337038596 0.614685868930814 0.369184147379747 0.476408877087478 0.523858288918399 0.520330250742415 0.564487624928689 0.524992031314562 0.496178440377344 0.253883130262704 0.552369455879627 0.609409902494846 0.52595434608673 0.589005844402797 0.607152437182114 0.497417031570104 0.53914648315257 0.561151499104513 0.540558134913254 0.553790342260328 0.481405507836534 0.443437817769581 0.495848765187679 0.656330170304583 0.459013931841319 0.644936235977084 0.553992414543306 0.462185364736854 0.50660794915722 0.545725357337953 0.507640015349722 0.559013863395626 0.49399089454366 0.496988368408743 0.439094790865337 0.498998111773256 0.621356569087063 0.355720216731163 0.350027723773173 0.49950650608807 0.378605539623176 0.467981581835244 0.513906333528918 0.528656814830124 0.498139427894898 0.44245406492471 0.539726001978188 0.599642669113591 0.566793220450189 0.509351773794252 0.419138797199659 0.444647308317872 0.456133639338256 0.537867329889332 0.59808506288898 0.632033153470709 0.386022457260039 0.5278158378478 0.537807700652374 0.555875534257128 0.552943080113377 0.528276804961238 0.425439775590458 0.411982039480931 0.550151359029596 0.45997137862061 0.44830824292993 0.525847691419722 0.56456373825934 0.551145431938709 0.495757303171577 0.479110038480957 0.607950477978853 0.437169833165374 0.409194389237507 0.390836110438539 0.602029800856549 0.54820031156143 0.359105167410172 0.538621835113179 0.497541456635709 0.573777277952058 0.452433158439916 0.415186163151675 0.349090889471527 0.426702503682948 0.442471305650538 0.497883412810686 0.669564601369704 0.481898780557214 0.498396531446108 0.53834860942787 0.627885792064402 0.622102078262281 0.507748166645262 0.562165067772358 0.551016807247976 0.560949743114954 0.557598090319834 0.582927410346705 0.452776878599006 0.558736024374115 0.502253404009726 0.574649765089185 0.526468448742545
