1.00000000000015 0.865649453248256 0.918297849355019 0.762030964853708 0.76832520893891 0.795081636738969 0.793369179781866 0.762726579135976 0.792168483681709 0.738745977420585 0.751614326722826 0.711382577062948 0.783915611913219 0.729369871785704 0.001 0.754760802756989 0.706428234304245 0.76581171466422 0.741810461431233 0.733378118677318 0.770827630511429 0.650724554858682 0.735367626590277 0.734872879295276 0.736051668854433 0.799992609144397 0.774789292105944 0.732892178290512 0.555430777860635 0.712579145485193 0.778484216886192 0.766639280652588 0.800891738723993 0.813297958920569 0.703769306601364 0.790444123626093 0.73713160936202 0.799680685216382 0.696294456814956 0.744967452149492 0.676510305436161 0.720117988816106 0.767506554830344 0.681784773251022 0.798219114471411 0.699154674729465 0.687594141014012 0.723865213033446 0.746075587401066 0.754422807032654 0.802909553814226 0.719299506237949 0.73002976573172 0.657139754073807 0.719457441771018 0.8076209237931 0.623513274088257 0.640566463226688 0.71489507997312 0.623810788428802 0.756559663793795 0.734269986854779 0.81081343999054 0.687255112881713 0.656472620619877 0.742726729257704 0.745819353848746 0.72440137451993 0.687952199912029 0.637933534715029 0.688976011539099 0.677061172675119 0.765500916535947 0.809837221088006 0.775851878701439 0.62005050883687 0.80461738685235 0.793666298832647 0.775638031487175 0.774265749866322 0.792243173748566 0.672508480093412 0.666620532227315 0.763161198664984 0.67925422770404 0.672813102178909 0.753400888917086 0.815164366291136 0.90546073926943 0.74113376858723 0.765295689700764 0.76968983460548 0.670579761398407 0.65601611787934 0.639732277018918 0.78332431677148 0.792512557403851 0.632003879062077 0.71796836900693 0.74493058680319 0.789231514671288 0.670534859871768 0.648396724030765 0.609992625155452 0.6491100742457 0.677436774890314 0.78105147744125 0.746166829144546 0.683088974048416 0.693472977325282 0.790395544709828 0.777586385871078 0.756247124438042 0.779863743800735 0.796729029651816 0.864772923367869 0.899777322033676 0.908419300617038 0.886314365429845 0.742984662336279 0.811727030999728 0.788251979428748 0.81555076994206 0.784465174914112
0.865649453248256 1.00000000000004 0.83946637922019 0.739939676450488 0.74260027907125 0.730735558044031 0.75364821567988 0.721727700277241 0.734346772296013 0.716438872326382 0.749910077969982 0.705575820669836 0.733754018402922 0.664930331210958 0.001 0.730799660773402 0.632747909390007 0.707647903156554 0.700252236419405 0.716318978715912 0.702351205199059 0.64935048768264 0.711873169104417 0.714059234599874 0.708048882673987 0.755244948889984 0.747181702838312 0.71806848391598 0.569685928707206 0.65048267758416 0.739376645484508 0.713411653001256 0.730637346365859 0.761719565938793 0.638321970951849 0.756646016293519 0.674499561656437 0.757930181010925 0.633934773039299 0.714047567834395 0.61270732665869 0.70323424255503 0.705934801115739 0.631549541287387 0.732311815844585 0.648584857901658 0.626239110768662 0.657641655699146 0.728674689382508 0.717541359594657 0.757739619504848 0.683803734452477 0.696363286820418 0.600006004624624 0.659968761627431 0.731204054992544 0.60640434306747 0.637665711685552 0.658606236716902 0.585731603644978 0.742264070622763 0.688299850218424 0.778501804954392 0.621340470710508 0.59100677585676 0.726530713436132 0.687893547006245 0.67345254851625 0.655755857228606 0.574123355232176 0.647561444169167 0.617939564486212 0.716574348784497 0.753335535341819 0.716408965023949 0.612286937392076 0.76505399003946 0.7491039795732 0.711617902088502 0.725052276785771 0.748669426626075 0.63193060801625 0.63149051436101 0.692529971271367 0.611144272682011 0.610830850733623 0.700917941581656 0.769657170478148 0.875508576630912 0.712637308194016 0.747261713876068 0.703029875585565 0.615667562416882 0.611383039214683 0.603455444336254 0.717423869547229 0.765285985782635 0.60520582391341 0.673066927111428 0.728512506761528 0.735564874716797 0.608664796157318 0.593223123808327 0.612473577481644 0.587110618583472 0.651308371591034 0.748354665539423 0.688335903777994 0.655927758128567 0.635406595920592 0.752047220194132 0.717879358601928 0.693976616895159 0.745308182659754 0.743758401231893 0.815004719610516 0.84718403685396 0.864254210220937 0.82058607422971 0.725759920940265 0.771874992438539 0.761011114885512 0.761663283535937 0.749134027676702
0.918297849355019 0.83946637922019 1.00000000000005 0.742027565243832 0.737919820080856 0.802046494735759 0.7777268175721 0.761469462909945 0.80338600148519 0.709030218125317 0.724610702862866 0.674080284298328 0.769619584014958 0.720568177858684 0.001 0.752542393503651 0.742568957070621 0.775978373905904 0.715976539894237 0.70453315860617 0.773664804876764 0.612164270939566 0.714850155052504 0.704850719119932 0.729884750308999 0.789795288233231 0.749652431918132 0.719787085248552 0.503964969082622 0.717026073576377 0.760340099507073 0.774100411390611 0.802179748523001 0.786585549983551 0.699698726303361 0.770699939400385 0.725043235419711 0.762461433101009 0.694068635228142 0.700719698560045 0.698920812394825 0.699989733215241 0.789196909616486 0.667295900555553 0.788153445784333 0.712601378077145 0.681699365279641 0.730808338545835 0.714792476484163 0.726134636108791 0.813101213562759 0.678666933433304 0.706522668475542 0.652986563997098 0.704768885433606 0.821224139033932 0.581933572985903 0.592918656820941 0.700622349060632 0.594254188211107 0.709688970025707 0.718802200525024 0.804303064020982 0.688832116561853 0.671693667746679 0.714837589964811 0.739395275260668 0.708900480078163 0.656270474118995 0.654035910737714 0.657442490681189 0.675874887148635 0.748718657561755 0.787173129580905 0.765215220419913 0.572233811865327 0.801632041924702 0.769179850321038 0.763624751457428 0.76163322296253 0.792513496707065 0.653657867316995 0.645815469106746 0.790586007367706 0.686923359624016 0.692267511320922 0.731247299580843 0.788558120787149 0.87619372204537 0.709466493240715 0.725155732689899 0.758492194216771 0.664893434863511 0.639398315544975 0.608990476255298 0.794507114525886 0.772288915860746 0.595982655782491 0.68727777851925 0.717225926007531 0.782275449274735 0.675953172443502 0.634199881158706 0.5582967887208 0.661689993869786 0.660322480490095 0.739019337969705 0.761763057143361 0.645463536024601 0.688064006874779 0.762707110870464 0.775656812354759 0.745215887252179 0.742265831200183 0.779352250228435 0.855658977329255 0.861950254668617 0.890515258473425 0.872148725311197 0.73249367250156 0.788796583626504 0.780261399450952 0.804454414678902 0.771777064378153
0.762030964853708 0.739939676450488 0.742027565243832 0.999999999999924 0.744597903181319 0.720780726975433 0.750487439172857 0.718102249276271 0.728027330637675 0.726210497336806 0.745275755615486 0.702364455983484 0.772095128219145 0.724018263166862 0.001 0.770872122560822 0.661346585521962 0.780763039781394 0.766279365322915 0.725010063435625 0.742223127702204 0.707556916264337 0.737522590519741 0.785632016851153 0.751161122368625 0.752899856096373 0.792556449738422 0.751831751957966 0.639270823150549 0.69530496278105 0.793856478353339 0.720412913416676 0.759674330713486 0.812293226299912 0.666733185350059 0.789615586386293 0.730330598471017 0.790583868838264 0.684794922843762 0.773320799005064 0.593439600638436 0.750577588884083 0.740788811686135 0.660358352236425 0.791170139279209 0.689363184253757 0.644124358914049 0.664201327164825 0.823085583339113 0.733148451531426 0.712487719465098 0.764605600465359 0.7276199753555 0.619176296788312 0.686600321396025 0.747902183059596 0.659656961253417 0.704173718832268 0.68855120132122 0.623490303523289 0.782414347206363 0.705548930391888 0.740406060735682 0.651887197347076 0.602040870619932 0.792628392105635 0.752241376055744 0.741556520054183 0.754276764293132 0.568737586390643 0.684466452883169 0.633536700093959 0.748717210041308 0.797540513911086 0.781704771994101 0.698567583549471 0.736156866134529 0.777324046185906 0.731544835145794 0.758566171629894 0.740160622294145 0.654515189018646 0.656286649013686 0.677191799759 0.616781763178766 0.604836363870326 0.724733982278174 0.782262698490589 0.779322593958106 0.762538336754233 0.775505353601541 0.747693742499561 0.625564841543987 0.622967943304093 0.642430271504412 0.763987069184674 0.780704943292324 0.643111507099141 0.74600076382686 0.758146695394049 0.737380478552056 0.611858205468308 0.6150504582391 0.711051059536163 0.582078419002346 0.693523571937923 0.772290635031386 0.724402072653127 0.751358771532237 0.671569391034047 0.771043275893691 0.744422579202221 0.741203582983003 0.773179360755737 0.759746084006403 0.762825876623014 0.773111303930887 0.761481644799207 0.765405682915376 0.705182251783599 0.768334964855741 0.728486537288142 0.73546077712695 0.73361852951966
0.76832520893891 0.74260027907125 0.737919820080856 0.744597903181319 0.999999999999904 0.708703430683685 0.800291071279788 0.757320474044518 0.752223496778978 0.778795623366675 0.788162766847517 0.747719649643845 0.738091629790473 0.65599746315331 0.001 0.738448503653729 0.612142420354675 0.700678441918729 0.69896814945013 0.819998786547187 0.668999327718108 0.667380700966388 0.758645455384143 0.721298138022838 0.76697161568347 0.816429811928121 0.738864890558517 0.765514754901542 0.615484733210737 0.627575533206268 0.73120830892817 0.70032397095782 0.70416592773111 0.765817861762305 0.620623988343091 0.741131801507574 0.658600726946673 0.751042542424366 0.619152514918804 0.728779158650987 0.578556712211184 0.745276264917136 0.697104053525182 0.640295977478945 0.730675904520618 0.657506889029239 0.609872449964512 0.637837010237581 0.738227410395694 0.710543686843216 0.733925385369721 0.696331297051833 0.681684699643698 0.586805206069691 0.659171951523005 0.703144280771454 0.625048625366426 0.674426148741168 0.643913531579282 0.598114417573277 0.757134643804093 0.666097145318038 0.794392500082795 0.609823322349939 0.559459032785481 0.725975639951441 0.675062722599464 0.66946100433034 0.67799021000348 0.551952278095725 0.643841291622352 0.611931577422679 0.71292236218364 0.741548422346869 0.715680664394026 0.660995282722015 0.779935829634939 0.745668541144691 0.687529683090555 0.713330605521684 0.788592574521358 0.634246055103734 0.607325896847065 0.654944054631339 0.583981474147767 0.589959169157585 0.677675602128462 0.752857114672996 0.78270906284683 0.701065218410466 0.742863506707278 0.694036465348922 0.581576619442033 0.600355781846281 0.629123873225011 0.710595308694979 0.755492479767188 0.622203444668458 0.689218215624544 0.723734093445765 0.758205679279092 0.587908920921639 0.589210179776192 0.658171874518777 0.560102399994876 0.635623169967547 0.759290113641237 0.66481218293058 0.677213044982172 0.628363850603714 0.733560720747503 0.69149994779525 0.680121212625552 0.755492658060184 0.74258156404434 0.764790425101646 0.779016784007119 0.771729595885775 0.772254551068749 0.763739276850723 0.807519238735685 0.782474704408155 0.745100169221874 0.77521305677958
0.795081636738969 0.730735558044031 0.802046494735759 0.720780726975433 0.708703430683685 1.00000000000002 0.77000943090937 0.728191550925801 0.781907243534554 0.654543781663339 0.676670465571446 0.633936505194476 0.755562590798019 0.696341599929938 0.001 0.696052086131027 0.743952323633728 0.746513926655155 0.683899151956393 0.666236669404447 0.760292836137843 0.567449796205986 0.665530339937539 0.666516790286466 0.681426822319456 0.749018071119964 0.718225233528423 0.696895110288656 0.488030682910985 0.739563855699521 0.736742641888767 0.754541348159512 0.774672610977654 0.836377280117049 0.675747450929771 0.738179102576803 0.709022427535997 0.731306830552188 0.674918981734319 0.672337904866835 0.66463707882913 0.671383393324701 0.751214224493436 0.642948380008953 0.773626726806713 0.699851958038201 0.644339289184087 0.697289043740392 0.700993350538077 0.680113120134956 0.773411168408852 0.673322426385378 0.673041586400424 0.621151109047876 0.687607143028058 0.783031547427426 0.554383107129427 0.568874970366826 0.682058737914268 0.571200523505954 0.675586128948542 0.675454805808008 0.758316951683517 0.662525827474327 0.633881083837273 0.681633834407252 0.74748325379718 0.691431295023786 0.644649573390601 0.623697348256265 0.636708114896442 0.655434591358775 0.734921406273276 0.755333989266581 0.76452293458335 0.558804102151369 0.771020548603654 0.736864492590929 0.714599955196468 0.742533297670471 0.765384213688574 0.623872655409837 0.616837626519967 0.760522908663229 0.65596714017851 0.665946955928235 0.680725766820613 0.749079121473374 0.783074372609201 0.66343144468119 0.698469242757604 0.753157574891567 0.653658481803894 0.606566459833721 0.588743498073353 0.784914211527702 0.743602379235851 0.560404149058613 0.673062453243993 0.665924207275281 0.745006039320627 0.647863749427171 0.60736547593231 0.544983062511454 0.62151084323057 0.614227858292077 0.717672360383863 0.737856991166954 0.641185320495263 0.669124711628272 0.712417539124592 0.754517849987423 0.728101964244487 0.719370453981824 0.752504940567807 0.783106751899432 0.787294207903559 0.790057772982786 0.787433022999965 0.708046451428837 0.75794471876931 0.73495504330675 0.760151539514485 0.750904197956307
0.793369179781866 0.75364821567988 0.7777268175721 0.750487439172857 0.800291071279788 0.77000943090937 1.00000000000003 0.836250467326111 0.84404136440762 0.753862324513983 0.753514271066065 0.721442886349108 0.770235175449104 0.696157272529337 0.001 0.729499625222522 0.672980875203369 0.739443425370675 0.704938830425959 0.763869471508988 0.721976026024762 0.632021630152046 0.793741104302117 0.712213245281036 0.770402666243175 0.805250881739779 0.739417919883671 0.804279340683063 0.563615126519258 0.677401751652821 0.748246829087844 0.733936875791009 0.744859759973197 0.794587306701688 0.661075127564433 0.750660578614617 0.693904587610307 0.760944569218373 0.669021702038118 0.723596848820002 0.630656388109494 0.79915549638724 0.737335942510221 0.658446793298288 0.760753318893962 0.701247322435632 0.642190227783023 0.681820520877553 0.723342110870149 0.718659596510117 0.761182198156572 0.700596595110841 0.688679036870722 0.620652080172423 0.687707630535634 0.752927956790314 0.605740003868022 0.635848557038934 0.675404719550125 0.601261546699374 0.741693039011794 0.688506538129414 0.799192169843923 0.643282738425449 0.603350207765751 0.725065322130938 0.720435867091371 0.703236966544144 0.683850962948475 0.598205293966124 0.657435015818564 0.648887255792828 0.735842291388581 0.756248356985114 0.748181999522 0.630676279249816 0.799112120349269 0.760655600902114 0.722964226928864 0.737055899575898 0.821172750875117 0.64670132978334 0.623865163557723 0.719325245305687 0.630292549461535 0.638138444019235 0.699580177049463 0.775307440501914 0.79465067260707 0.69602731874371 0.731030254439205 0.734421225473718 0.619708394042167 0.62057811805808 0.625788447675702 0.754287623977919 0.761674623636612 0.611991151646875 0.710377050290408 0.715655254555705 0.77608673997209 0.631453753762309 0.614616246714146 0.620824846408575 0.6025762316342 0.639114801205229 0.764704427404651 0.704363265888621 0.683221131105444 0.657239105473156 0.751081560696138 0.736850472782687 0.715933743233544 0.760463576166935 0.766630755464464 0.791182953075194 0.792461666351857 0.787586661109254 0.798306673703343 0.754630519590498 0.79741952079977 0.784807217629561 0.772607191168792 0.774782816406844
0.762726579135976 0.721727700277241 0.761469462909945 0.718102249276271 0.757320474044518 0.728191550925801 0.836250467326111 0.999999999999961 0.836433374823381 0.722351696156836 0.728058677707757 0.683926422555464 0.734748801517058 0.667426354136157 0.001 0.718949631557975 0.67105500963946 0.722090246699708 0.663837156491356 0.71970171938067 0.709356634419988 0.585673110705825 0.777976174259803 0.677319017749245 0.776840742181147 0.768004367150424 0.702152604259279 0.798481487967215 0.506916454552269 0.664923462311969 0.722638564627397 0.703011088502429 0.726854015533745 0.73657952845724 0.631130462062717 0.717167943020093 0.669823672396408 0.711380850763828 0.645040202305229 0.665462882090074 0.616346951245802 0.779335278128613 0.738187983969598 0.617087465175726 0.734851574295365 0.684516978318162 0.608225052337433 0.65581624026785 0.688833643311025 0.681104783145733 0.763382929758858 0.655674826453858 0.651632195488327 0.592251743032832 0.645798286474162 0.730639429117897 0.552132419518429 0.577815475758256 0.63727882808174 0.55267469764932 0.687433486768409 0.654476559306981 0.775135886353724 0.616727710846631 0.589655981722549 0.676463816101488 0.686390229740575 0.664821241369464 0.634901616523337 0.580461651205183 0.613615720092963 0.618083764507098 0.694756321744767 0.726636553794077 0.709806343983789 0.565123476829463 0.772775493898829 0.718192560745517 0.692825952268431 0.696021611224476 0.810123204711252 0.607846186768562 0.592910016274735 0.708020630127065 0.607684590919804 0.624949033465973 0.662905117291341 0.727812744804478 0.755600225443898 0.662052478521601 0.684213907344923 0.698621771466202 0.590819461120587 0.582394984272132 0.572679111889706 0.730564520430748 0.736989509212621 0.562036804488869 0.657347986395565 0.698235555954616 0.778796638365995 0.60603566047878 0.578851517889131 0.560333149839482 0.581638062350023 0.611407395903419 0.707914534459721 0.696352434685642 0.626735097876752 0.62714488385916 0.719415805379524 0.723235811940223 0.694051608571473 0.702954955798193 0.72802041977914 0.759903143358263 0.751089625915348 0.756599583416776 0.761672897806252 0.725415287190485 0.758115361651396 0.76564569298804 0.740735650754072 0.738673887625307
0.792168483681709 0.734346772296013 0.80338600148519 0.728027330637675 0.752223496778978 0.781907243534554 0.84404136440762 0.836433374823381 1.00000000000013 0.710888277412451 0.70488033653778 0.650109020403975 0.764503298587354 0.709821093243761 0.001 0.725459881191954 0.741555426395412 0.768273072556948 0.687661185221705 0.694750498815214 0.777079712585256 0.578996706888239 0.744508676496107 0.683173086616186 0.768390708037813 0.780227552398877 0.707898239167704 0.777258993595694 0.483402620063837 0.723665242179371 0.749820586162997 0.729833379249633 0.769676100340591 0.765536556677728 0.67943036151242 0.727688203716977 0.7148993871895 0.72392217199678 0.698355193061562 0.666983495049226 0.681065444517274 0.769010691316829 0.783357797831011 0.64533945571157 0.775880831337299 0.72898152659798 0.656959044961969 0.708993425540215 0.695684840313126 0.699432832012914 0.78960057420477 0.662569215062281 0.680057246841413 0.636619998839358 0.683106317880959 0.780122934160271 0.560858011835108 0.562899310370141 0.678621037742827 0.575670523775503 0.671601663590388 0.683097157722857 0.771094691849264 0.666070171887994 0.652853279582392 0.689193443748576 0.737041685413957 0.707816768436774 0.656070691840556 0.644134069756429 0.640869895967206 0.660819255209443 0.717358797149647 0.750662360099661 0.745913246057237 0.557582988660671 0.776466850156615 0.727526067538645 0.725451210408662 0.720567999941311 0.802494849742362 0.630140750229164 0.631081987795422 0.766908574738519 0.667730938119808 0.678622324660795 0.698469432406433 0.743564512599197 0.767409774992483 0.677929168872812 0.686966303952011 0.743826985174881 0.64970586517675 0.62289547149574 0.584361884040675 0.770757380571577 0.747912081393619 0.575150387374452 0.683351407205369 0.689079386331587 0.784177371093144 0.665892432496241 0.619754641229666 0.548288136380857 0.644390606961981 0.633991696104843 0.708007928477761 0.764989297904124 0.641720998278964 0.669923968958927 0.729233601254112 0.78302592931464 0.744507123537225 0.70452014491064 0.743598449754346 0.772578347613691 0.770682748783342 0.774973138304526 0.782729902113947 0.726967595586564 0.76224393091024 0.754860249080178 0.769176178775303 0.744968170376113
0.738745977420585 0.716438872326382 0.709030218125317 0.726210497336806 0.778795623366675 0.654543781663339 0.753862324513983 0.722351696156836 0.710888277412451 1.00000000000007 0.781804555366555 0.727016622183034 0.707981974999211 0.6577367102595 0.001 0.704391640109868 0.593504377649559 0.687977351751739 0.707140967323631 0.768030997196693 0.666925288246256 0.699707617530564 0.74157591472285 0.723177644523436 0.732618090069924 0.806821568312037 0.731133598198935 0.726032572830296 0.616698756000631 0.608787377016214 0.715941968708935 0.648130012412018 0.681078265948438 0.719896992595535 0.630667589733443 0.736209756260115 0.675519642839028 0.769849013833439 0.618659011375171 0.740977524423775 0.57403017398991 0.720294611228901 0.692642366047527 0.631013074484178 0.70371294530564 0.628068075698102 0.634357386005258 0.633760799233591 0.725943308296372 0.74936010168021 0.724371933185241 0.695935148490183 0.71538277194332 0.605572830528202 0.652667414839849 0.684386737044545 0.66120116520451 0.67497846588641 0.655261986936217 0.61630134040787 0.75369447105424 0.680164749572606 0.742100347353939 0.628057901302716 0.588238891104408 0.740979587571199 0.65643438927144 0.682050263295808 0.679714946855351 0.557335628873848 0.669842778310736 0.601481503353045 0.681827980264248 0.730166448316028 0.692961947618857 0.647809550933959 0.719626276000344 0.722577598765514 0.713667241088418 0.691461571532666 0.725936988679868 0.64342878576638 0.64378441555195 0.633468879904822 0.601982389333678 0.570558336700878 0.718843555518342 0.745879096527687 0.735294953927488 0.733478158663724 0.736789104101934 0.672159545764926 0.611157086176386 0.62677792894614 0.617971553471946 0.667353652590649 0.734385662647851 0.647315193152014 0.684741716556715 0.747866604944885 0.739777893457417 0.598128939796217 0.601429358645511 0.658372150411914 0.579210056654593 0.686398881986673 0.74855635128624 0.675125164762176 0.675069009129536 0.64505296518753 0.75806270969747 0.698405137834486 0.681437044410989 0.733716944659063 0.709148866218223 0.707497925693086 0.737220689816321 0.723020319269062 0.734371220841972 0.72197541210909 0.745202302867788 0.742897399883582 0.73313832911218 0.728407204201747
0.751614326722826 0.749910077969982 0.724610702862866 0.745275755615486 0.788162766847517 0.676670465571446 0.753514271066065 0.728058677707757 0.70488033653778 0.781804555366555 0.999999999999991 0.768285860572108 0.720212797385961 0.646566905588569 0.001 0.729547156233486 0.582853097689629 0.684437772099113 0.701239099619912 0.797739549020215 0.655231160260769 0.711895122746112 0.760645863518606 0.727743195272578 0.744610861771614 0.792418935473347 0.743670754906187 0.76270880486565 0.641005329333809 0.60158262552272 0.72792174075473 0.683300047258287 0.684752379269579 0.750940995178883 0.617286862590261 0.748418098539309 0.654275924078464 0.759964990076979 0.610718766114215 0.733067474479083 0.562276546511732 0.735951872218899 0.683792787454064 0.636937910419986 0.711037548760562 0.63598536679029 0.614719344276251 0.629896775470593 0.747975373494872 0.726460176757738 0.733779781524541 0.702420057212574 0.707340910974755 0.587119435317216 0.653816372091074 0.681277022910299 0.651742273572941 0.698126277740667 0.64306435445618 0.605228279020927 0.765835394159509 0.683426207458683 0.773948140608299 0.61331522750313 0.56123381231116 0.737059817185116 0.6572151940677 0.669726114725785 0.677097595229449 0.54091986786256 0.651538755350358 0.602762461794232 0.705585835597168 0.735199212936581 0.7067103306922 0.669054180099394 0.7557315940743 0.732143410053839 0.684118338168755 0.709120494003597 0.781708780777765 0.643096032366519 0.618124701722422 0.638478401713038 0.582193296253613 0.570341864043861 0.681040279412104 0.750947722381094 0.780140558413627 0.71276274830404 0.745826896565228 0.668613538076275 0.57785291230281 0.606717306577293 0.633438249801788 0.684697792731777 0.744321912971674 0.638370647391135 0.681535310056207 0.765988581230672 0.787122072277474 0.580113329438662 0.588722963779477 0.678637625649133 0.557026409874778 0.666446859543951 0.746218535540941 0.652927867597323 0.679212371586031 0.627085081772351 0.737241068873822 0.677140178566515 0.668425325959189 0.744162219276702 0.723461927709311 0.747983942417993 0.759173133829414 0.753291181491707 0.7566395996127 0.744745308620221 0.778886764677181 0.780185956749416 0.739707771400223 0.753218475528685
0.711382577062948 0.705575820669836 0.674080284298328 0.702364455983484 0.747719649643845 0.633936505194476 0.721442886349108 0.683926422555464 0.650109020403975 0.727016622183034 0.768285860572108 1.00000000000004 0.685325718702324 0.61593964335065 0.001 0.670434357896155 0.535443253405558 0.640351685658222 0.670857326386893 0.751085021876236 0.59742424627895 0.684549004070246 0.740330508229856 0.698879777273857 0.698694649195166 0.737051638739983 0.705795656266524 0.717780014117764 0.650708247543305 0.56078074398051 0.669049061402 0.655299218390379 0.638722415479646 0.71414883709876 0.588940002168157 0.692153111964108 0.62577926598146 0.739328354875928 0.581991368645098 0.72426193059952 0.527335611665385 0.701617998660605 0.623144724069155 0.624926215925705 0.666776791860694 0.597196180586554 0.585437262487187 0.597849742204878 0.692632130256201 0.72690122534173 0.701716035609889 0.685932800303611 0.665259233103408 0.574167015686616 0.63619096030798 0.636631052263533 0.639346530539858 0.692795189040603 0.61638262160741 0.600738560410414 0.755541215926663 0.6579013970966 0.798721036383956 0.579220981814126 0.514501408262496 0.693286947801299 0.616595312190325 0.628307931229118 0.651583700627215 0.51064351336998 0.630117412385123 0.582003057068858 0.684201066429447 0.702825749069055 0.668603375689803 0.683252861427255 0.771668148558517 0.70915899328416 0.650119222360903 0.681791679391778 0.719138528650604 0.623394003229717 0.574479873990499 0.594652744935133 0.545689480674382 0.541504017647358 0.652952008389555 0.722072116166813 0.736046240834837 0.675682336978051 0.714462762582375 0.63679793388998 0.541759838224593 0.584824733941335 0.632668660279221 0.645320821890725 0.696153764897155 0.63091495608734 0.665885397737295 0.704816010609578 0.705443436482143 0.549615265768137 0.569491279783356 0.67178296470533 0.525091074035491 0.615967824218921 0.731175030517492 0.591492357467426 0.660942472388584 0.596570462485995 0.712250889907128 0.621404718521772 0.630748733722647 0.734305125847754 0.708018898261208 0.716437574410432 0.719057882249567 0.709967982112295 0.720480721892414 0.751923757283524 0.79640375127468 0.808733892980296 0.752309335694993 0.77595508175736
0.783915611913219 0.733754018402922 0.769619584014958 0.772095128219145 0.738091629790473 0.755562590798019 0.770235175449104 0.734748801517058 0.764503298587354 0.707981974999211 0.720212797385961 0.685325718702324 1.00000000000002 0.793021233239736 0.001 0.730766642127731 0.727467661825613 0.787478286168063 0.793378032530766 0.707139211545973 0.783290206306955 0.650211782038099 0.719003926144261 0.777675112051365 0.732092448020592 0.784658230970271 0.758716721084643 0.72678284080891 0.55685357195997 0.767487126415489 0.797177254096869 0.744670990258262 0.784783660738565 0.814647394254471 0.73872758740148 0.77235985817417 0.786597584992209 0.791313313700519 0.779695659365988 0.760531413620966 0.685205035183836 0.737311515922896 0.774037414958207 0.719446835989891 0.834510593581316 0.786952462985696 0.700777234499986 0.733250117492615 0.782817958624897 0.771121415972675 0.760748871541122 0.762665682615737 0.739433308329134 0.692492888192583 0.739762694370844 0.800741680940027 0.646199814163294 0.642586391411357 0.750026500569031 0.658423825405963 0.757261158991734 0.745106042251889 0.763580154995456 0.722100905023749 0.675339306582114 0.729684746287404 0.81812426876467 0.797380992114171 0.77396238426962 0.665157261659939 0.716375889061125 0.706422711359012 0.781858630501623 0.816181909327569 0.841836811998858 0.67942159171186 0.762366329969384 0.788844656284138 0.78203726317533 0.778813141359768 0.755626982918513 0.699632079220682 0.675502023592356 0.751836275152927 0.694761532726206 0.696300496054721 0.782576423297056 0.814735541249346 0.782529635478646 0.748389535403283 0.754875002620783 0.824075238936594 0.69148649600457 0.676609671196532 0.675767651135116 0.797812334791155 0.776334184118188 0.647214797930932 0.781343173075363 0.738174895055087 0.768753593048582 0.695184950464972 0.679928171811992 0.653885010442861 0.665244318358115 0.692081476531162 0.77876989225688 0.749211322862896 0.765517490589891 0.737799327626532 0.788389317837055 0.801341570655123 0.816837618231118 0.790470524702419 0.814193692477365 0.766329289994381 0.790092363449249 0.770109721675095 0.790754759978144 0.710500448473179 0.793941711332404 0.741979486893102 0.801303909571695 0.761397378949338
0.729369871785704 0.664930331210958 0.720568177858684 0.724018263166862 0.65599746315331 0.696341599929938 0.696157272529337 0.667426354136157 0.709821093243761 0.6577367102595 0.646566905588569 0.61593964335065 0.793021233239736 0.999999999999987 0.001 0.672132889237595 0.723232402932234 0.756117115033825 0.75896276344125 0.638372986467403 0.767738656105567 0.622526452179764 0.651847258772214 0.714351609809818 0.663586004727689 0.732481959428039 0.689545152128175 0.646640807783028 0.512077141189232 0.763009636139768 0.737097235682763 0.702021493338496 0.741627083207002 0.751363833203485 0.779475382516757 0.705797684145105 0.81071694753211 0.751413434171316 0.805844709444158 0.706109822495366 0.716788377547537 0.671039213069699 0.758065427862488 0.739332849851404 0.79796460367095 0.729924034363681 0.754537158635376 0.766637538585152 0.705907732706634 0.768490451857823 0.701804404035389 0.739216510443404 0.736357205619077 0.737837902651426 0.768352118544375 0.755618506078898 0.654603267471244 0.603675175786564 0.780868328436949 0.684697613814886 0.682207155364329 0.741854837975206 0.679545969472043 0.750502900050576 0.724942985441878 0.69064812861573 0.778611603318376 0.808507724400127 0.759391908677368 0.711750588026572 0.725799310880237 0.733231568577425 0.745606852589649 0.756666013498697 0.816455545079835 0.642831496009599 0.678422403769888 0.722616752643699 0.781309674424189 0.740614056362167 0.680972039003773 0.717810205815869 0.690499024508722 0.745251314497825 0.752453209506672 0.709532526774711 0.767855765187191 0.750511022663487 0.710825232809076 0.718987502954817 0.680974790179756 0.79290955798302 0.732074519315496 0.729986705061532 0.671729935654727 0.749672418250303 0.698856344585141 0.669608869893635 0.77161996487393 0.673538809881441 0.709853062549484 0.751328193432264 0.728486442123104 0.611844983243712 0.730304606511454 0.705582086475284 0.6990414258629 0.733555813369323 0.733446141472727 0.759506415212442 0.740648019554287 0.780549055174321 0.82219417747377 0.709237561672772 0.756548953591528 0.697039910349175 0.721120794797716 0.70129239167593 0.7258982451395 0.632331599477208 0.700111363389064 0.661950335255404 0.744889643960154 0.6836281194024
0.001 0.001 0.001 0.001 0.001 0.001 0.001 0.001 0.001 0.001 0.001 0.001 0.001 0.001 1 0.001 0.001 0.001 0.001 0.001 0.001 0.001 0.001 0.001 0.001 0.001 0.001 0.001 0.001 0.001 0.001 0.001 0.001 0.001 0.001 0.001 0.001 0.001 0.001 0.001 0.001 0.001 0.001 0.001 0.001 0.001 0.001 0.001 0.001 0.001 0.001 0.001 0.001 0.001 0.001 0.001 0.001 0.001 0.001 0.001 0.001 0.001 0.001 0.001 0.001 0.001 0.001 0.001 0.001 0.001 0.001 0.001 0.001 0.001 0.001 0.001 0.001 0.001 0.001 0.001 0.001 0.001 0.001 0.001 0.001 0.001 0.001 0.001 0.001 0.001 0.001 0.001 0.001 0.001 0.001 0.001 0.001 0.001 0.001 0.001 0.001 0.001 0.001 0.001 0.001 0.001 0.001 0.001 0.001 0.001 0.001 0.001 0.001 0.001 0.001 0.001 0.001 0.001 0.001 0.001 0.001 0.001 0.001 0.001
0.754760802756989 0.730799660773402 0.752542393503651 0.770872122560822 0.738448503653729 0.696052086131027 0.729499625222522 0.718949631557975 0.725459881191954 0.704391640109868 0.729547156233486 0.670434357896155 0.730766642127731 0.672132889237595 0.001 0.99999999999991 0.673976019708477 0.75593092149297 0.713611776141052 0.705998111915405 0.711165287603994 0.648696626721486 0.715371844831655 0.755208215689477 0.748074002094373 0.744898552484393 0.747330092866931 0.728052122905946 0.570007318935813 0.668562201577898 0.768023415097697 0.715759892154014 0.747660042265138 0.750225345076856 0.628493422925325 0.747067288385158 0.677140590134668 0.738282565722655 0.643577596845485 0.700864429602302 0.590494141192924 0.727771868294605 0.767441532374087 0.62587750381859 0.763686915405675 0.669093342142183 0.60619594558236 0.643181846012332 0.763320526741563 0.689376561783602 0.714457691055905 0.699661914078859 0.68358691544317 0.589009017076952 0.64577117109321 0.743487082217339 0.592256870141674 0.635672754885566 0.642463373936679 0.572254499052745 0.733384265198686 0.679891031198612 0.737001392626694 0.618299569112469 0.581542384830533 0.71636428778709 0.697261572512361 0.675213641373966 0.668848759381964 0.556912150997468 0.631089091061791 0.609433014602456 0.720493101022081 0.775089541743779 0.726541624865522 0.625525511144271 0.73291328707826 0.747401913491173 0.714612094017537 0.718331347720298 0.743517429899012 0.617446421718563 0.61250595957346 0.677951819729609 0.591923487291739 0.605381095955387 0.685449194029775 0.747359505478183 0.759544898703652 0.71008767358666 0.731478086737091 0.718776998947817 0.585977087931686 0.582896223163682 0.601750901141402 0.742863837909606 0.761922888082945 0.587806444561251 0.678573744663715 0.726120304099856 0.738252461537197 0.586617372870578 0.576830077460824 0.624370326061063 0.564947148598806 0.639461864511609 0.72768931345169 0.699828699029513 0.655970551108257 0.629605983649 0.743158148570895 0.718715170528932 0.701712750560939 0.737349480978151 0.742971603649015 0.755787552122981 0.754678183466501 0.756433109633315 0.756680242936181 0.689105699293231 0.753356815973118 0.714158730786264 0.726716984512902 0.709642376315388
0.706428234304245 0.632747909390007 0.742568957070621 0.661346585521962 0.612142420354675 0.743952323633728 0.672980875203369 0.67105500963946 0.741555426395412 0.593504377649559 0.582853097689629 0.535443253405558 0.727467661825613 0.723232402932234 0.001 0.673976019708477 0.999999999999986 0.774826572510268 0.651365317355216 0.571284803313965 0.765817613079082 0.499412047197411 0.599130617196992 0.627918362089941 0.641820648985754 0.685799492099002 0.635272197016316 0.619416758266652 0.396009688241929 0.778035622607476 0.683334920473299 0.689777313992473 0.731933334890358 0.69631801233129 0.690478968199928 0.657991305811919 0.725903436862706 0.646616952339689 0.72887102199076 0.588162208588612 0.704339830220688 0.620279079409341 0.838883907233464 0.634853252527535 0.757959346562909 0.724417458729634 0.656133184168926 0.712313064924703 0.628846953462114 0.643006625802295 0.717596847257162 0.61401364722662 0.643127805812121 0.648067866232633 0.672255821622342 0.755825946757362 0.510136168700522 0.476827805145086 0.67234614240756 0.550882103292954 0.573536688997966 0.656222589808267 0.66056753698834 0.684344584050764 0.679146982405809 0.610335197778874 0.735430673846828 0.700346548500006 0.620114082204861 0.677441926565896 0.607236250026992 0.665570428684368 0.677579079250345 0.699851136067109 0.740284814260214 0.492860694541129 0.672160585045673 0.645816827086956 0.699179291054816 0.677440210045137 0.678838094769872 0.606008981071302 0.602963195880533 0.763748099986201 0.69320051753416 0.707063166081149 0.659254041066915 0.664634905445639 0.669929984754265 0.622982772741111 0.594260509245693 0.74197542908615 0.666329614965122 0.608198642618229 0.547836491053531 0.752493452038874 0.664446823821791 0.523204988801784 0.644042086460735 0.607031753541019 0.693889204320035 0.687774186502132 0.619314724902887 0.467189181592877 0.666854550050057 0.602050730206586 0.612198318058929 0.763282558659978 0.596055982861783 0.680305680422909 0.655718963697353 0.763087181927273 0.744955342005796 0.619831942434402 0.689979996851309 0.689289515293632 0.67994384539992 0.687138354492581 0.701089094279688 0.611983589250917 0.659423406510412 0.636380715669948 0.7040755668305 0.649555443424768
0.76581171466422 0.707647903156554 0.775978373905904 0.780763039781394 0.700678441918729 0.746513926655155 0.739443425370675 0.722090246699708 0.768273072556948 0.687977351751739 0.684437772099113 0.640351685658222 0.787478286168063 0.756117115033825 0.001 0.75593092149297 0.774826572510268 0.999999999999916 0.747067936080828 0.668994262221747 0.788467306016625 0.614685074670992 0.69619943192154 0.729241329281248 0.726838662417623 0.756335401538847 0.730011672580197 0.710161947564777 0.511962946730249 0.748361805842004 0.785154912957274 0.730664868486969 0.77220453102088 0.783733135040354 0.711027160768437 0.739558463882898 0.754149084233102 0.740503515258689 0.74930133122078 0.699755934651841 0.672236696429945 0.70993146805535 0.814117861269006 0.683666781389492 0.80718467734788 0.749434846219003 0.685969607973211 0.717413300949499 0.743952064169114 0.718126698365795 0.752744695583987 0.708631142099168 0.710727844592811 0.669013202599662 0.712130018367134 0.7926345969648 0.603633030900469 0.598895976974269 0.712484260849035 0.622296554060906 0.690157536833317 0.722442339301429 0.73249597591149 0.71153127913531 0.671507952625639 0.739946584423094 0.77898382751274 0.757842503938864 0.719308286900546 0.653987313093083 0.673131529377077 0.681568292354212 0.738701021685999 0.777994966702646 0.799257073521348 0.628220703914559 0.731926670818963 0.738661025570351 0.750677881759472 0.748741249094127 0.732238783069401 0.658770434116723 0.648509719912439 0.746892669920822 0.68436285378483 0.675832482580784 0.730592504033657 0.756385204878185 0.74755145893802 0.709867512073886 0.698124422002535 0.784236058989155 0.667579238901253 0.646362963045701 0.632034419075857 0.780496773419215 0.745597904541048 0.606431471445118 0.739206907771434 0.711114016472033 0.762388741993164 0.678862264739563 0.650968041288064 0.598112615701254 0.659724611648869 0.671520731332278 0.711352663918498 0.822094124607292 0.700106010019658 0.711710606487987 0.739023755349764 0.796691396129396 0.793098903289382 0.718201413055343 0.754814024200051 0.747466251429337 0.75401665124465 0.75181304486085 0.768302343367577 0.679114090747092 0.752561958661392 0.714395080350807 0.76295468934851 0.731013578311603
