1 0.926366174891346 0.908658190456563 0.910246741546082 0.78308726060413 0.907286857951859 0.88028419769192 0.858246723508968 0.814650066292537 0.826902603384151 0.909810519569475 0.912218688954378 0.921884470994949 0.894388626469943 0.861647737861106 0.942059615943043 0.927893201051684 0.909365338396451 0.930442367596224 0.890349854992284 0.893349302189018 0.927457868342836 0.892715897199771 0.930705282689615 0.874201515221884 0.885370443250735 0.610627807612815 0.769852688332218 0.910467010093541 0.880792107160319 0.88927476624799 0.93300113619183 0.935943673351371 0.792760651676763 0.927461078297881 0.889105613925362 0.901418782531985 0.916176683199096 0.534957600371181 0.908601848457742 0.925786655759696 0.884275887141191 0.895587861153558 0.682094476391912 0.834606324008964 0.918785033564384 0.837876179125347 0.889783341809941 0.901018778643235 0.902683748267596 0.88616731752658 0.895559786055096 0.915310594138703 0.920320320960045 0.686084106601575 0.917932233606376 0.900008626392175 0.925376786129315 0.928212659330313 0.893934738421605 0.905125807187478 0.813208933602245 0.895093715579653 0.858984738531589 0.82573572204163 0.526563259648117 0.907815119844133 0.448829488128407 0.911885787007123 0.630520433354637 0.925069752923378 0.730631351003246 0.927833663229703 0.921555472758849 0.8941646968368 0.903818930401976 0.898247677237732 0.91471674795367 0.892509527404656 0.909842075784423 0.863309398792334 0.695426169226522 0.816582721198804 0.674754811359085 0.896407058466211 0.683296144583123 0.908646424225827 0.900251164330169 0.001 0.407038321223416 0.907998146389424 0.917730705536823 0.900132359974043 0.891989725977436 0.771491127607928 0.896933747020439 0.897514216366101 0.899175604241056 0.23298072626041 0.91601948279533 0.792838060850752 0.897184663476959 0.890667248955168 0.862247355194976 0.918792119799177 0.915204369434601 0.91269255476971 0.901017872183489 0.936526873648084 0.9042319785317 0.88860978689961 0.868921541515143 0.895158719470018 0.930975540176578 0.92677604660566 0.923423641238936 0.926391920260054 0.924022132700709 0.92552490475712 0.90661358971587 0.918390152704339 0.921829958823724 0.892711495026905 0.889760760172412
0.926366174891346 1 0.906245597834198 0.907299999988852 0.780367027254169 0.903489133414954 0.876871349061082 0.855866552001293 0.812782442119752 0.82402800545383 0.904882345415849 0.907771527543386 0.918005788792478 0.889160273301703 0.858640477910678 0.936252939178053 0.924190699225554 0.904428482289654 0.926459373635969 0.884911195308766 0.889141159212252 0.925206883223276 0.889033809540673 0.927352435004477 0.870859923502814 0.881056188021847 0.609243673909887 0.766063086651162 0.907272678717492 0.875640612801724 0.88512667918485 0.928690605345324 0.932401265638787 0.787986402387928 0.923820190648165 0.886111683939227 0.897184188412336 0.912794619838297 0.532089370531236 0.904980036751293 0.921865035010756 0.8805724257154 0.893211833338553 0.680131693636089 0.832796956200224 0.912995545470846 0.833038554945933 0.887296921458684 0.896918518161395 0.899915956320528 0.882169224290225 0.8931185695912 0.912170717097713 0.915197414134838 0.684973478465909 0.91400279243978 0.895602928102361 0.921338520551609 0.926102136428915 0.889638388789743 0.901895812926378 0.8095137847973 0.892598808517375 0.855336274235716 0.821920488375442 0.526416487604881 0.904065052841707 0.447239944906621 0.908636237478065 0.627378016231117 0.921327298850716 0.725978196190824 0.923172926888246 0.916836028968335 0.890372564552352 0.898853474279206 0.894167041442566 0.910203704160572 0.887668313539367 0.906883199614531 0.862726223291057 0.692852073156499 0.813089236979229 0.673727795205972 0.894270082929095 0.680955289061928 0.90364512702244 0.898127174238233 0.001 0.409658482016795 0.904087015404587 0.915322518752505 0.896794512907786 0.888608057338099 0.768643118373867 0.893442146703339 0.893728334223607 0.894805836845341 0.232349848520328 0.912028189955474 0.79157130833675 0.893035253041462 0.887479396897381 0.859448416418069 0.914052800332253 0.909943190650843 0.91010913993132 0.898090190317221 0.933591320940937 0.898650689901323 0.884465818170162 0.865138264423057 0.890639189982195 0.927990733433523 0.921861767759374 0.920175427812611 0.920964512836001 0.920504057052779 0.921927825697069 0.902762792720152 0.912338149711389 0.918846952250018 0.88948391163704 0.886650189018718
0.908658190456563 0.906245597834198 1 0.892208031877344 0.768566712202896 0.888906675603049 0.860974949446313 0.840569248872548 0.80083686241603 0.811642468409945 0.890916957664392 0.893676178594363 0.901906845171786 0.873943289701785 0.843651613785136 0.920209717885653 0.90873415076534 0.889458493575012 0.911346179479984 0.872376427075646 0.873914912720468 0.909858313229708 0.878047491610341 0.91278143069274 0.856399694070485 0.865477416121051 0.599988308703745 0.755855345524592 0.890289343522119 0.862674804269877 0.870920314054173 0.912940589188101 0.915918615250416 0.777137949771392 0.908414062211745 0.872947833815468 0.882860573836434 0.89687116340332 0.52600543081255 0.890519102723457 0.906372714311073 0.866662385658911 0.878100126182214 0.668268525208323 0.819075894570203 0.898020276489154 0.82366051483305 0.87227662171616 0.882220533515225 0.884424554093667 0.867975402013049 0.87666015481386 0.895820432525108 0.901927315698736 0.674094301877244 0.900362639457559 0.881723172812094 0.905750608155923 0.909467645013809 0.875264300796791 0.88917669945284 0.798615707823145 0.878155483016853 0.84244022442455 0.808253865350501 0.518450791856114 0.889772810542658 0.440886849149952 0.892490034242302 0.618119920584627 0.90483538313695 0.719669417126285 0.90784754905291 0.901207121857769 0.875765472042534 0.883677745275311 0.877754390750112 0.894555038708022 0.876040921081886 0.892360047381566 0.84704656676404 0.684270189635461 0.798979860623475 0.663098286909155 0.880173077875965 0.671930139679525 0.889191230053833 0.881762898520804 0.001 0.405094866933392 0.888439664353095 0.897790273155785 0.882335538153408 0.87418969106955 0.757502788462679 0.879610441058596 0.879425949562862 0.878930818238568 0.229699523152737 0.896930713994433 0.777580296254141 0.877022477272182 0.871744245189067 0.847404675323692 0.898578594690861 0.89464644936981 0.893739822987473 0.883440013430489 0.91628199630044 0.883713054075154 0.867922280936813 0.849331686271723 0.874373423915375 0.910794573478273 0.908187457275556 0.904387952353141 0.905737706850756 0.906158281894304 0.906984756919958 0.887042911024867 0.89743398688321 0.902770770628782 0.873914741893803 0.869236460876646
0.910246741546082 0.907299999988852 0.892208031877344 1 0.772044712053243 0.890719518372052 0.865388560006762 0.84314481470465 0.800423473891185 0.810220577982364 0.890536904204763 0.894252593310262 0.903219989156252 0.876465997121717 0.847341013070876 0.922076847881645 0.909351671714607 0.890585337687873 0.913199376672859 0.872502662052801 0.875039144885527 0.909434435813415 0.875729607789786 0.912755482175575 0.859331976439594 0.868997441967679 0.602987870510585 0.760842577973153 0.891401771052071 0.864168777675981 0.873208973839222 0.913619941322017 0.91712334258264 0.781022294153386 0.911829835021472 0.87188585146873 0.88393721663875 0.898694900567199 0.529771070839402 0.892520149074686 0.906920404636532 0.86922445768402 0.879000201648205 0.671955553394911 0.818822593206351 0.899353521558734 0.820042477564475 0.876368908102626 0.884705565131983 0.887350377230346 0.869614516208471 0.879218810396477 0.896524703002657 0.902215958372121 0.674267088628518 0.900254279358897 0.881595106538575 0.906237785333397 0.91026867576385 0.876384215953101 0.887520498055841 0.799193780430071 0.878436054879719 0.84015286892442 0.80973433252548 0.520009750898383 0.891063833973861 0.441850258433078 0.89428943723251 0.620329385503596 0.906491714744882 0.717788861401308 0.909264047421333 0.902774318903805 0.877308744811529 0.885366222962554 0.880163019399746 0.895642386970567 0.875012497846508 0.89270753564952 0.849746440466857 0.685819776696077 0.800714422378058 0.669866623524457 0.879983032940384 0.67273094177127 0.891277933345922 0.884156437780481 0.001 0.403861390011801 0.888580265654462 0.898038514092144 0.88277659098812 0.874217291041529 0.757278761839989 0.881320948546315 0.878545999302033 0.880371482461049 0.232309696343345 0.898959062456578 0.779809600635923 0.879349777905353 0.871878362224355 0.846398348113407 0.899662452068432 0.897437666170689 0.896917586270586 0.88542097271367 0.919309966279789 0.885304736957374 0.871098475733018 0.851696273507418 0.877547945730136 0.912940402610195 0.907878559024017 0.904806075095878 0.906234814281926 0.906341200250165 0.908354398675373 0.890596263322812 0.90044192532712 0.904996430707049 0.875074186235971 0.871049398749927
0.78308726060413 0.780367027254169 0.768566712202896 0.772044712053243 0.999999999999997 0.766488422916 0.747058211637269 0.733065686200819 0.697499580337664 0.708348709439355 0.77025943615567 0.770555624325004 0.779191152907378 0.7601146694907 0.734676018649598 0.792749937530669 0.785315603680059 0.769794566814504 0.787089347901045 0.753103975807939 0.754585511679718 0.784043792531661 0.757520444237045 0.786263674401786 0.744495043252041 0.753529297152027 0.534716243768287 0.667236411369686 0.770316027941601 0.747307272098026 0.755993796702696 0.788275814178027 0.78910177290209 0.679128143612484 0.783973888035272 0.75403450105433 0.764213614600148 0.772238459830462 0.46827700659045 0.771406313469531 0.782296274429262 0.752331578166692 0.755552991204219 0.58766947121852 0.712951735997808 0.775307839391148 0.715422382442771 0.756017642572943 0.76348059158294 0.765323072920206 0.75051593066561 0.760301339912648 0.774881760016122 0.777829694663583 0.595809628732274 0.777522306660242 0.763033547579337 0.781656125401244 0.784132879083159 0.755349033138843 0.766587500025912 0.697505830314412 0.759250684544288 0.729921764863182 0.70486216848868 0.466965793792119 0.7710530678915 0.400263582111333 0.774718518409209 0.548500130102714 0.783046036509966 0.626395245482 0.782891493237231 0.777632126562926 0.757104306829135 0.764866464818644 0.757079452856009 0.771962446339585 0.755294800795139 0.770926943409052 0.734919184359085 0.603334414685358 0.695595374222247 0.585927810245266 0.756608095827692 0.597366006708631 0.767824129282793 0.762138323542654 0.001 0.379167845522433 0.766506734176147 0.774165803053409 0.76451706099956 0.756621018320314 0.662849553724855 0.759165760806949 0.759182934472068 0.763404416194725 0.218802406549996 0.775053202583052 0.676238580410267 0.755825249414324 0.756417158208043 0.730377467951951 0.775828160365018 0.772999174930365 0.774586943396376 0.764502424701898 0.789800810847594 0.765164366401094 0.753027782503396 0.737996437757699 0.755469709768449 0.787030245471499 0.783078435545438 0.780820643075305 0.783865247596243 0.780823979713946 0.781256107730067 0.764926087265764 0.776049565603864 0.780653747123539 0.759366858356865 0.750702057929545
0.907286857951859 0.903489133414954 0.888906675603049 0.890719518372052 0.766488422916 1 0.860444926333664 0.841561589274909 0.797369432618015 0.810699277053575 0.888667070808594 0.889807487693729 0.900965381150626 0.874901199041943 0.844771343878705 0.918564383191327 0.90681700270766 0.887867631875386 0.909190492487539 0.870469202867165 0.870104848140373 0.908444006366607 0.872605357160819 0.909755541050287 0.858109851543418 0.865125489032544 0.601643274161418 0.756861423686662 0.887696938529193 0.8624633498407 0.870406607026799 0.911919806870756 0.91473259937139 0.775948688168371 0.905851740109583 0.868061937031189 0.880197803049277 0.895451953236955 0.523215072256539 0.890222997299525 0.904299882926538 0.86452563107358 0.875171332696118 0.668453073045739 0.816054514090891 0.896062657238832 0.815981815028707 0.870253997358731 0.880929273170198 0.881525816367592 0.866349074872141 0.876883596616796 0.89317299241469 0.900178199293379 0.672608685572051 0.897307108269785 0.880019654757276 0.904313800829018 0.907799369812132 0.873149378744492 0.884771956320283 0.795661546469468 0.876164909027526 0.837651511233607 0.80477693348147 0.519439068432328 0.889012766245454 0.440189003278323 0.891024165977709 0.617079783932564 0.906268156910088 0.714527895063373 0.907096124788034 0.899089114097151 0.873482741724709 0.882223007194528 0.878381051909787 0.893036604083613 0.872109340300609 0.890864462526079 0.843546060882862 0.679622350461975 0.801226840913229 0.66098814863528 0.877017237723807 0.674934601759737 0.887256301840315 0.88117902823183 0.001 0.404160729425931 0.887339371554651 0.897388021633793 0.879545793014911 0.874315923771042 0.754957748663617 0.876460901863664 0.876552913982742 0.878293902257523 0.23035762877795 0.893976263845339 0.775226768373613 0.87828267992407 0.87055059892351 0.843619804095453 0.898695012496033 0.894379379034489 0.891612084732239 0.883309140424235 0.914571423455384 0.882603916803467 0.867411041898795 0.850454803094566 0.874494129722672 0.910787468407304 0.903811459177054 0.903881667694942 0.903671808228271 0.903436722352881 0.904567679357361 0.885332069748147 0.896932272721385 0.90079379442818 0.872484660230946 0.867898878508449
0.88028419769192 0.876871349061082 0.860974949446313 0.865388560006762 0.747058211637269 0.860444926333664 1 0.816072425371676 0.779876954575923 0.78525608820539 0.862489438374859 0.863830381133738 0.875223031459216 0.84791330160398 0.818518844330794 0.891106551977514 0.880125329632542 0.86207019072368 0.883775605803769 0.843103041044233 0.845197481706303 0.880965896503854 0.848407739311879 0.88374586120419 0.830639838597149 0.842573128765784 0.585662758443585 0.736268137162021 0.865328929660555 0.838318844827157 0.843366421341446 0.883713790120272 0.888408784590852 0.755213523269865 0.88048334869381 0.846519995974533 0.854102534417326 0.868200340912001 0.513145585028643 0.863951413665289 0.877690473921027 0.84219549858074 0.849924574939973 0.649561385061529 0.794288903761964 0.870036997139191 0.796510196279799 0.845085835510734 0.855434313389477 0.856576740542868 0.841505743159881 0.850672248571417 0.867947378535364 0.872011552595933 0.65510392916338 0.871922436301797 0.856565644589828 0.877177166392023 0.88084801966947 0.848490355436235 0.8592896900275 0.777003173405804 0.852281056417661 0.815271006125903 0.785764704954387 0.505637286086188 0.861468751587152 0.432721085475741 0.865769810365604 0.600240035316135 0.876989094974925 0.697653890559744 0.880234991499466 0.873351362780292 0.84985039367692 0.857037089269648 0.852588208135822 0.867896980070259 0.846304991422037 0.863601818182215 0.822641622600094 0.665118716532327 0.777124067434 0.64726825825431 0.851157836829046 0.651775473087041 0.860585966760176 0.855841726000557 0.001 0.401162560694106 0.86182647122085 0.870926246603313 0.855795895790492 0.847106992466462 0.733823843262575 0.853581186807854 0.853343353718417 0.852632634042768 0.230136000829301 0.870764353140714 0.755868008816862 0.849990271515845 0.847014003071059 0.822210387969899 0.870201593127217 0.867578771236377 0.866910169102701 0.854924058710103 0.888349745723226 0.857575192355024 0.843716376863537 0.824173364923262 0.851076606856203 0.883735641719741 0.877031011455106 0.877109680978276 0.878135439625073 0.876198638643611 0.878163379612975 0.858371547931944 0.868222745134897 0.874717806839855 0.846995658856697 0.843161700555979
0.858246723508968 0.855866552001293 0.840569248872548 0.84314481470465 0.733065686200819 0.841561589274909 0.816072425371676 1 0.758310194624541 0.769586609705281 0.840281853853647 0.842765931052265 0.851429201214435 0.827963726137627 0.802924320396773 0.868126219678091 0.857664556549183 0.839490515845233 0.859084828804321 0.825144470972517 0.823389696686935 0.857523066041533 0.825889978758688 0.861209615179028 0.809145261918855 0.819272268292387 0.572336002274977 0.719115689562099 0.839196201122648 0.814264005906193 0.821736512415057 0.86068030924335 0.863806515541015 0.738566899742831 0.85718104646262 0.82308805997123 0.834385699895531 0.846392938815143 0.505848228142424 0.840349914836971 0.85452221919385 0.819403802325963 0.826577137824917 0.634947376510191 0.774828426918122 0.848668451460779 0.77599105407828 0.823599787587945 0.832485933944921 0.834213013794809 0.820888066975984 0.828042333010461 0.844779698959477 0.850558688295084 0.641039539095826 0.849989151809328 0.830027952536947 0.855401500095751 0.858892274798822 0.826213398451883 0.835308324590388 0.753907855782576 0.828428489129124 0.792718640378493 0.76542744145293 0.497980669910513 0.841144103231994 0.425017219009575 0.84565831224598 0.588861117262088 0.85560845771207 0.683054193973975 0.856960135855963 0.850315027000278 0.825903704534626 0.835461286097515 0.829482152511786 0.844069459003705 0.82366747810803 0.842480711970116 0.801192715885491 0.647296354324298 0.758646831224467 0.63456090025281 0.828637978231542 0.637748769332287 0.840671498976161 0.832138971278253 0.001 0.395399233494425 0.839638311903334 0.848348114794078 0.832185119263116 0.823732406620991 0.71711351121728 0.83073735202273 0.829274085592363 0.831660431925123 0.22542096714893 0.848647919476702 0.739003054141505 0.829827781027737 0.822758968407132 0.799705320590755 0.848442440234088 0.845813183800082 0.844229871193561 0.834511003712117 0.864990820777152 0.835642326783988 0.821235258390068 0.802843559712467 0.82840814783683 0.860206014711397 0.854381771946745 0.853328338775572 0.854712378315594 0.855891875479536 0.855974119630294 0.838944797687874 0.847277014596995 0.852336472222386 0.824923001549976 0.82279476359144
0.814650066292537 0.812782442119752 0.80083686241603 0.800423473891185 0.697499580337664 0.797369432618015 0.779876954575923 0.758310194624541 0.999999999999999 0.736214451181497 0.800280618508872 0.799968938893752 0.809086153709048 0.790271985279677 0.760913503054904 0.824316835664892 0.814646191016562 0.797008181806465 0.815888653193349 0.78604369179687 0.781924706419906 0.814981305131537 0.785524535625552 0.815504380342929 0.771673841531421 0.779060394343275 0.551058231631979 0.69021258768202 0.800327445491061 0.776129702616564 0.785117932055213 0.817147480886474 0.821186583885083 0.703677637670798 0.81350985070003 0.783333010607687 0.793846664593277 0.80585645201555 0.481941352622077 0.799830495274814 0.813988741497454 0.782297271860964 0.787905951125816 0.609900534975365 0.740323595834266 0.807012790380201 0.73969641745145 0.782988114460723 0.794338338205958 0.797369015761436 0.779871130940919 0.785687459330595 0.802444778012843 0.808572182511422 0.612885359864772 0.806299967515353 0.789066243068256 0.811419579689015 0.815015613150213 0.788120571022734 0.793683525450673 0.721955315420957 0.787898283397382 0.755810040536847 0.731349159968359 0.480294938634005 0.797179260125132 0.4146844935039 0.801742908746411 0.566846035696406 0.811880291427225 0.650947845280957 0.814557508178508 0.806239046549145 0.785422763212841 0.794627807234746 0.786968625091686 0.806074654360391 0.785447244725565 0.798821312456644 0.762448296851041 0.620282236549929 0.718634589278477 0.6055315999296 0.789001897485218 0.612383185303702 0.797462968748443 0.79200747723263 0.001 0.385128569691798 0.798336638121492 0.804378285988093 0.791325243661373 0.783922947371287 0.684120995758812 0.788385723895702 0.788470017671418 0.789478982174346 0.2212176537614 0.805677995049609 0.701260614952847 0.785555660537297 0.784300893442646 0.762224737858512 0.805708654599344 0.802820623447266 0.799897639086118 0.791305310107864 0.822002555639073 0.794580821480594 0.782759770827306 0.768034341570969 0.785705224038781 0.815785221067546 0.811623316778845 0.811304738319709 0.813297727915432 0.810539937648448 0.812859435662994 0.796277254162403 0.80526552706103 0.810893527126536 0.784940407488185 0.78001027511254
0.826902603384151 0.82402800545383 0.811642468409945 0.810220577982364 0.708348709439355 0.810699277053575 0.78525608820539 0.769586609705281 0.736214451181497 0.999999999999999 0.81139750181383 0.812008819774829 0.821050937022276 0.797899393976872 0.774322376750091 0.836151537532795 0.827253657520099 0.809037863284831 0.829385511218215 0.793161663274104 0.795323654679801 0.825573572925737 0.796461678841561 0.829404807668907 0.780568169252242 0.791452207361279 0.558762160237391 0.69753644796382 0.812058358799771 0.787041075355759 0.793188069620873 0.82897193833205 0.833531220795091 0.713948941082319 0.824343533242271 0.794825038553731 0.805014094666755 0.817335585531556 0.490319950513117 0.811788217505598 0.825732245507953 0.790233735251593 0.799740012484409 0.615863859612735 0.747512763662911 0.816093983545648 0.749147213891231 0.793486964943 0.802666196723031 0.807337328154994 0.792509255455733 0.800376838848064 0.815596606374656 0.819021008081944 0.619653036878983 0.817283009101182 0.802080069230466 0.823331049275671 0.825724579650824 0.796729807601464 0.807246742124818 0.733394743605124 0.799320252649152 0.768143129665007 0.737926838099944 0.484175889734196 0.809305680299634 0.416366841641727 0.812206277365097 0.573980990926565 0.823800429681563 0.659074718659906 0.827239228650876 0.820199803276582 0.798219261393448 0.80808144247392 0.800886732336411 0.814993587685726 0.798112103398152 0.810046254723187 0.773771636480702 0.625390842048951 0.73034032148791 0.612467593604568 0.799158728871536 0.623475236005563 0.807616942945997 0.802403691110564 0.001 0.379573630872337 0.810147471125862 0.815976986393696 0.807083711006574 0.795917477157916 0.691403154516629 0.798710655454312 0.798693327341852 0.801578621264585 0.222295820804566 0.81614941493068 0.714047389381119 0.7973070254228 0.795886174567358 0.771489296096179 0.819691361102635 0.813592129538258 0.813839480391584 0.805424987790842 0.833724548428697 0.804252170313337 0.791782422286697 0.773378284706285 0.798886499151308 0.828835636823202 0.824773099614324 0.823967442760627 0.825434175645103 0.821636433732637 0.825421158477832 0.806346211853891 0.816772774561981 0.821816316098502 0.796235430712595 0.793478941899067
0.909810519569475 0.904882345415849 0.890916957664392 0.890536904204763 0.77025943615567 0.888667070808594 0.862489438374859 0.840281853853647 0.800280618508872 0.81139750181383 1 0.892514298328222 0.902809870017245 0.876461101574237 0.845712832343364 0.921141995856579 0.90858534609692 0.890362583795846 0.911622720800737 0.873494259359262 0.872018503376886 0.909275694774827 0.874614504339979 0.911894207705115 0.855932320671582 0.868266866830284 0.60066232769485 0.757127572544567 0.889907502254244 0.861090354018305 0.870486230399015 0.912329524858361 0.917032260240413 0.778755162196491 0.90823719496256 0.869756984575327 0.883956959284089 0.897605940077304 0.525259412269685 0.891140792225746 0.905490059544434 0.865747913313139 0.87548389618934 0.664917904736367 0.818879558379776 0.900750655923744 0.819993951525504 0.871261520094993 0.882507744464019 0.886115683562316 0.868846092560211 0.877315835969438 0.895539329161578 0.900758796143054 0.671762035183024 0.899562609903473 0.880619077093396 0.904808403666556 0.910907635352438 0.87508995857238 0.885352768628015 0.797260215893775 0.877647194577342 0.840211317961351 0.806114733254898 0.51738057473242 0.889892761658791 0.440117236355947 0.892630522661138 0.618496665477771 0.907076062820893 0.717660201053008 0.907210741292175 0.899899727241016 0.876658910058796 0.883532332268206 0.87780062233872 0.894913407535022 0.874616244656267 0.891333210640426 0.846370145922127 0.682835248959756 0.798640755223421 0.664182056222743 0.876961493230365 0.669458670925628 0.887883737257454 0.881607891049384 0.001 0.404605351348331 0.887936769485051 0.897333718078515 0.882717435988537 0.87504908507974 0.758312178029304 0.878155968748658 0.878051276328035 0.878644010845426 0.231116642908737 0.896904156780941 0.7768799070455 0.877830404711549 0.87336813508108 0.845297024746913 0.898408996574106 0.895053232851003 0.894552033042154 0.883172504213168 0.916665258613212 0.885322104328902 0.869859434794418 0.848917647286851 0.875352478265182 0.910782377093444 0.906158295735021 0.904090806705297 0.905638523422072 0.906042858004464 0.906183915200933 0.886976881736233 0.896504921874837 0.903346842439988 0.873371905803751 0.868473751975174
0.912218688954378 0.907771527543386 0.893676178594363 0.894252593310262 0.770555624325004 0.889807487693729 0.863830381133738 0.842765931052265 0.799968938893752 0.812008819774829 0.892514298328222 1 0.904747274755066 0.876389537029178 0.848929606626733 0.923037673994252 0.910262035902305 0.891715927718794 0.914265959969911 0.87326137563889 0.875854225109821 0.910569106968826 0.878517246510742 0.914981610578005 0.860357701147234 0.86932146099019 0.602349113802698 0.756824230851732 0.892782211830573 0.86540795772411 0.874046572983326 0.915103043156672 0.918498737716039 0.777866861695461 0.910053418745261 0.874178125781057 0.885535732106717 0.900501021258569 0.525701451751979 0.892200660641001 0.909493869985185 0.868031074737728 0.879899612399451 0.669543026216118 0.818745606410859 0.903002786740191 0.822190767676989 0.872917123357438 0.885651943710906 0.886608265997004 0.870937738807587 0.878883974566047 0.897518758985651 0.903600411290878 0.674445958707937 0.901990448643522 0.883238462669632 0.909116235899686 0.911568499006236 0.876672015438307 0.889527471962843 0.800514642034959 0.879610485582639 0.841094061233266 0.811824603304815 0.518852510632171 0.891376038210715 0.443765849499128 0.89464480281055 0.621433969792847 0.908491155793609 0.719969068043608 0.911027735953863 0.902086880529847 0.877127296226811 0.888014676845889 0.881127321547658 0.897845920856697 0.878199733229663 0.893383698499101 0.847701087106564 0.682958379879114 0.802846042925282 0.664270241739324 0.879399192074564 0.673469147227956 0.890484908648981 0.885607495832527 0.001 0.406914377127064 0.891554082352765 0.898856251950427 0.883999202792717 0.874667671649451 0.758852347041039 0.881718616400154 0.880923331757894 0.883612089747786 0.230811198329859 0.899989918753545 0.780840641374411 0.879666230603244 0.874389241491673 0.847658388687063 0.900906981374858 0.897277408907186 0.89811007216152 0.885497584969989 0.918849385284009 0.886289599730176 0.871110372768667 0.851327554919933 0.877431550939746 0.914298361058277 0.90771182739404 0.906336051909648 0.907796403122204 0.907133969998741 0.908632722744657 0.891583410266239 0.89960651286002 0.904297743861951 0.877908185916084 0.872511765072648
0.921884470994949 0.918005788792478 0.901906845171786 0.903219989156252 0.779191152907378 0.900965381150626 0.875223031459216 0.851429201214435 0.809086153709048 0.821050937022276 0.902809870017245 0.904747274755066 1 0.889075674104601 0.857781711273244 0.933489135861962 0.921068407239943 0.901915662513822 0.924544216950863 0.882596218723035 0.884733420398203 0.921197841702518 0.887906246537931 0.924810335961015 0.870583856571578 0.879453507357613 0.608399544510107 0.764038937185608 0.904206443216613 0.874401521782441 0.882661467603388 0.9260967516918 0.929193971165378 0.787347242579422 0.920488431082482 0.883220908004362 0.895166627033979 0.909956581492532 0.533435511754943 0.902934505086594 0.918230224658037 0.879070071464795 0.888510093543173 0.676392706292224 0.829209027606685 0.910692230840701 0.830807321355731 0.882607102266943 0.895790352485534 0.897918793012531 0.880551797740141 0.891899687033347 0.909473207152454 0.912780325008129 0.682613949199787 0.913414441869401 0.892680683889326 0.918825772124199 0.92155199748653 0.887434634672399 0.898341580041315 0.808121664689654 0.890045643698998 0.851535349974872 0.819370043674566 0.52353404771854 0.902018189566903 0.445020486078376 0.906266383136929 0.626930874818154 0.918177247079221 0.725816113996985 0.921744000959767 0.912729867063635 0.886471471801434 0.897218262029939 0.891383370172124 0.907674979641281 0.884160473392272 0.903220669487838 0.857081317476073 0.690532169267739 0.81146964773286 0.674066803510408 0.890987185775122 0.68090081876462 0.902790864575711 0.894151281048788 0.001 0.408308225795272 0.899652335260741 0.909904405725533 0.894450255539749 0.887137367391975 0.767304521126697 0.890803549071303 0.890104905537624 0.892672248570664 0.232603195656536 0.90835546948829 0.788788044862817 0.890520923396958 0.88336775159183 0.859400412034059 0.912323125269602 0.907815598971153 0.906530570642844 0.895414090255728 0.930533394166833 0.89598984731419 0.881753192753718 0.861562431542392 0.887317316571605 0.923296582522492 0.919508775310649 0.918566983511225 0.91778244464066 0.918727728794818 0.919967359706461 0.899640572303905 0.910079705145597 0.915819983331012 0.885523172975025 0.880956996946351
0.894388626469943 0.889160273301703 0.873943289701785 0.876465997121717 0.7601146694907 0.874901199041943 0.84791330160398 0.827963726137627 0.790271985279677 0.797899393976872 0.876461101574237 0.876389537029178 0.889075674104601 1 0.831481655839986 0.905382782241259 0.893412631640129 0.876233958318333 0.896371330558387 0.85889767701242 0.858608917561619 0.894130904937375 0.860222098319244 0.895372505472735 0.84412868145133 0.851145000339585 0.597773047721512 0.747162254043559 0.874445947240443 0.850774058998678 0.857484667890825 0.897177906455497 0.900976262106717 0.763991200489121 0.894427239823412 0.855001993112432 0.868507522597994 0.882064323897569 0.516747949838332 0.875833831366852 0.891081773564042 0.853042071884981 0.864164916023144 0.657587703624638 0.807945433638002 0.88539602694363 0.806445324936113 0.859017297505703 0.867771873209243 0.87015837024149 0.857188384035978 0.866282202082927 0.881461053651288 0.886174729387383 0.665264807438464 0.884694200407438 0.865949580002238 0.890446491361206 0.8941472102919 0.862138773697198 0.871013675175304 0.788830219533408 0.864360048356997 0.826015245764551 0.794704238569475 0.512437793679465 0.874766234535612 0.435594352412602 0.878357235092766 0.608825901787609 0.891958849198212 0.704376564093649 0.895636306781852 0.884414099287186 0.862359946064184 0.869793027489629 0.865614220716734 0.880256351326195 0.85987060315252 0.87680125114194 0.833670291916611 0.674455092235458 0.78747629688157 0.656311341299181 0.864690178018684 0.665805275992483 0.875392869953058 0.868316167206046 0.001 0.402783793518908 0.874114926553179 0.884020635993624 0.867515059566499 0.859344459264036 0.746597076208696 0.864521389133381 0.864881755197641 0.867161685860715 0.231186315066394 0.882859425589935 0.767684004520666 0.862759884722045 0.857606544598926 0.831803504620836 0.884966590590618 0.880574040754125 0.881065691265148 0.868288015741783 0.90253942821382 0.871307184109923 0.856906447986373 0.836793656910002 0.862671598524128 0.896033274070508 0.891496361536733 0.890614517122719 0.891151366017657 0.88924505908358 0.890790813329759 0.87315073767073 0.882433088578247 0.88782691995523 0.859718551601289 0.857588591321357
0.861647737861106 0.858640477910678 0.843651613785136 0.847341013070876 0.734676018649598 0.844771343878705 0.818518844330794 0.802924320396773 0.760913503054904 0.774322376750091 0.845712832343364 0.848929606626733 0.857781711273244 0.831481655839986 1 0.872722575374508 0.862461696552455 0.845143217618374 0.863747184878686 0.827868015335272 0.830676225126485 0.861599236172626 0.832405961698161 0.864573796549859 0.812875698635175 0.824813046775895 0.582127206442546 0.722702190364766 0.845023451313263 0.818555422475719 0.826102570541037 0.866006481271299 0.870035469374557 0.740683694450916 0.861243686489574 0.826420176766402 0.837877726100156 0.851667193877975 0.503950879005687 0.846096843485976 0.860877703738291 0.824177542376113 0.832866086746809 0.64099791873228 0.77861113608004 0.852427383058565 0.782547828011146 0.827765623239716 0.840088323025291 0.839952862945742 0.824154580481473 0.833722191284142 0.850240490554145 0.85323355553137 0.645877401280457 0.851723471667577 0.83506497967351 0.860649946642767 0.863478811874575 0.833960784005861 0.840538293311015 0.759924391556355 0.833696812572606 0.80071181561908 0.771190591891048 0.499950629170524 0.845917610905818 0.426902153729439 0.848908440519365 0.591264989397889 0.859320266973805 0.687028651457189 0.862136122180343 0.857579567759474 0.829624714215513 0.838860947471009 0.836128228685953 0.850341383913778 0.830485300563425 0.845312825513338 0.802530271960419 0.650716968025397 0.759754829449248 0.63756724378726 0.835161489295824 0.64228471725521 0.84549943376529 0.837594152714449 0.001 0.393473319529906 0.845591692574632 0.852247710115735 0.836813635045988 0.82772484854029 0.71994450687788 0.83440815469716 0.834538270803037 0.836272119477515 0.229893919014945 0.851276241377644 0.742957198003895 0.834522104087669 0.828236023297632 0.802086590372459 0.852676268869602 0.849668953732037 0.84835368247279 0.838046528762686 0.870280923336597 0.841176431532851 0.825943977090272 0.808164977189357 0.833516385228042 0.862912012709729 0.859846508772926 0.857871344854514 0.858933660133775 0.858902971769425 0.859629655634551 0.843850246724838 0.851950872027312 0.85741307254248 0.829858254890134 0.825582744949171
0.942059615943043 0.936252939178053 0.920209717885653 0.922076847881645 0.792749937530669 0.918564383191327 0.891106551977514 0.868126219678091 0.824316835664892 0.836151537532795 0.921141995856579 0.923037673994252 0.933489135861962 0.905382782241259 0.872722575374508 1 0.94018187735729 0.920011997684189 0.943734621989238 0.899734495481666 0.903380040128846 0.939519417375184 0.904568567551863 0.943862384716743 0.884837515761043 0.89608678391637 0.617701855944478 0.781273102702659 0.921868167571542 0.891847445703947 0.899986518040354 0.945452539574423 0.947934013276862 0.800797040458945 0.938674350276529 0.900066641891147 0.912563651569925 0.9275411003172 0.538117544416446 0.921270693683123 0.936927075436171 0.896201242099425 0.905986510894672 0.689245070585671 0.845036317311396 0.928129913934159 0.846879901155703 0.900578600964834 0.911879609314243 0.914905076317786 0.897677964013249 0.907216753234488 0.927752764488171 0.930906957251475 0.69408939201687 0.929691829640713 0.912017176798982 0.936140739432208 0.940614478701922 0.906489516251958 0.916353258854346 0.823129548342916 0.906560728200766 0.869966933530352 0.834560830981445 0.533140668141644 0.920602084243343 0.452061006357477 0.92246016888875 0.636815098400248 0.936475551149665 0.737932260087571 0.938997887025234 0.931939848559813 0.90489212827639 0.915473333193021 0.909300766879858 0.925051094078381 0.904134555653993 0.921531953900762 0.874629020210385 0.703453625244351 0.825745577915746 0.681667047843061 0.907515588692143 0.690840499719279 0.918449097257228 0.911999839897038 0.001 0.410815405168313 0.918334348444506 0.928272670435352 0.912622686141159 0.902451229882135 0.780714242958972 0.908979437254749 0.907379847291373 0.910764109870163 0.2334720570154 0.926991023523125 0.802364422035889 0.906387752920075 0.900350476223703 0.872439231620064 0.930441953523881 0.925562543990836 0.924093414483536 0.912490490798343 0.948502983234668 0.913767672667997 0.898143696061498 0.877590646623762 0.905901479996572 0.942079741891259 0.937472925463665 0.935948468895828 0.936196173995189 0.936154318994181 0.936804520026975 0.917407518255581 0.927916953616712 0.933378519155243 0.904103265382391 0.898536017781866
0.927893201051684 0.924190699225554 0.90873415076534 0.909351671714607 0.785315603680059 0.90681700270766 0.880125329632542 0.857664556549183 0.814646191016562 0.827253657520099 0.90858534609692 0.910262035902305 0.921068407239943 0.893412631640129 0.862461696552455 0.94018187735729 1 0.908290245457396 0.930352727760634 0.89045787903015 0.890569832504341 0.927752558814133 0.891550953134576 0.930013409939554 0.874624485458538 0.884991406492221 0.612889846574704 0.77008293218478 0.909906425712423 0.880687376147254 0.887896410216628 0.932624990238209 0.93635619548513 0.792232297213009 0.927463631009844 0.887896311017074 0.900470123399442 0.915069340733812 0.535184637148139 0.908421226114521 0.924830495530536 0.885351833054753 0.894621036215383 0.680647093517383 0.836234246654571 0.915653766592047 0.836709770538641 0.888934628778553 0.900339840310539 0.902582854118764 0.885182085209246 0.895118765994425 0.91385047546664 0.920173679433205 0.686845990397683 0.917179692267805 0.899089857884961 0.923418341784877 0.926989582544791 0.892462381529687 0.904266978057799 0.814027325129951 0.89415006890199 0.855993192295026 0.825530594462812 0.527391556677318 0.907299566835602 0.448002919797576 0.911043743882575 0.631377005304471 0.92374860332347 0.730063873399912 0.926716533507821 0.919981630939588 0.894126856848976 0.904047519104381 0.896891663826288 0.912791134885066 0.892721550515119 0.908698580524809 0.863920719213804 0.69592873721005 0.814577465234262 0.674439613977287 0.89721472362231 0.685137709276739 0.908174381405145 0.900476396736587 0.001 0.40957055976392 0.906284755098696 0.915980470578946 0.898626461990681 0.89335741794661 0.770819779233308 0.896492402870596 0.896525636891611 0.898278084475284 0.235208181421944 0.914518358410621 0.79202210532944 0.894768353665322 0.89026356682214 0.861690223229344 0.916857702358176 0.913875406112384 0.91173019773382 0.902298726113845 0.935633986223418 0.902473298596737 0.887813806959302 0.865848301345078 0.893239271235206 0.930330575303608 0.92606883017222 0.923330850270806 0.924799170958843 0.924513367926638 0.924764291503024 0.904747737881866 0.916487516567461 0.921255800014955 0.892196810053004 0.887224556356859
0.909365338396451 0.904428482289654 0.889458493575012 0.890585337687873 0.769794566814504 0.887867631875386 0.86207019072368 0.839490515845233 0.797008181806465 0.809037863284831 0.890362583795846 0.891715927718794 0.901915662513822 0.876233958318333 0.845143217618374 0.920011997684189 0.908290245457396 1 0.91048364302692 0.869826233823458 0.87268304784441 0.907618549480054 0.875653981673191 0.911088723650564 0.856504827972056 0.867301109736654 0.599824668992833 0.757978584735223 0.889712968050263 0.861999423121096 0.871345538551825 0.913409836280478 0.916730600447069 0.77418719762369 0.909081990569728 0.870257864691494 0.881837440076497 0.89746234727046 0.524215744069116 0.890540805054323 0.905088911198909 0.866059113056699 0.878488125619987 0.667844680280993 0.820597748670023 0.897617456375423 0.819447658278536 0.870986496218872 0.8821000170758 0.884257547429492 0.867274426590512 0.878129397834945 0.8953753263692 0.900360038090192 0.674891520117393 0.898860611329726 0.882195070436947 0.904218854558266 0.907742918956759 0.874874629369034 0.885111235706609 0.798445224233316 0.876133630778089 0.839979385696459 0.806679433448716 0.519529985712853 0.890362319193398 0.440721796945107 0.893823633054454 0.621401364975179 0.906716020150237 0.714443734225095 0.908114104841798 0.900294811761159 0.874783654061754 0.885375373613064 0.876802659146121 0.893689558252479 0.872818842047522 0.891627114771461 0.845663818326656 0.680720931982233 0.799657552420811 0.667444450703032 0.877117573395192 0.672811003046977 0.887800798835678 0.880719176849796 0.001 0.402510352428686 0.889336121294418 0.898051181731353 0.881811183125698 0.871875833749953 0.757745181565719 0.879502919066213 0.877891672695371 0.880366642963841 0.230305191499296 0.895998327408123 0.775731233329455 0.875862259907491 0.871287951500957 0.844030396252068 0.899408670715592 0.895997731900223 0.893057912726744 0.884252126572121 0.916525143969711 0.883382818229829 0.870799532382501 0.849027922328287 0.874344120834653 0.910934453584362 0.906012232258589 0.903653173265901 0.905298402284217 0.904115597508894 0.906820580234357 0.88973841109311 0.896879268187762 0.902428187695099 0.874248398212586 0.870932604967388
